17 
 Run Optimized variables   Calculated optimal variables  Error  
(𝐸𝑅𝑅 ) 𝑎 𝑅𝑆 (ohm)  𝑅𝑃 (ohm)   𝐼𝑂 (amp)  𝐼𝑃𝑉 (amp)  
13 1.4247  0.2973  124.6888   2.55E -07 5.463 0 0 
14 1.5183  0.2107  90.7676   7.11E -07 5.4626  0 
15 1.4953  0.2776  149.8543   5.68E -07 5.4601  0 
16 1.5385  0.2175  102.2491   8.80E -07 5.4616  0 
17 1.3763  0.3366  151.2183   1.42E -07 5.4621  0 
18 1.6329  0.2073  144.7247   2.19E -06 5.4578  0 
19 1.6605  0.1533  101.3474   2.76E -06 5.4582  0 
20 1.8762  0.0568  111.8192   1.46E -05 5.4528  0 
21 1.5115  0.2749  160.8947   6.76E -07 5.4593  0 
22 1.4193  0.3237  171.4422   2.41E -07 5.4603  0 
23 1.6297  0.1246  78.821 0  2.08E -06 5.4586  0 
24 1.7166  0.1171  96.8097   4.43E -06 5.4566  0 
25 1.8441  0.0858  123.1616   1.17E -05 5.4538  0 
26 1.4075  0.2776  96.4558   2.06E -07 5.4657  0 
27 1.6744  0.1879  146.4434   3.16E -06 5.457 0 0 
28 1.7413  0.1555  147.1881   5.48E -06 5.4558  0 
29 1.7987  0.1339  158.6289   8.52E -06 5.4546  0 
30 0.9867  0.5298  159.2777   1.45E -10 5.4681  0 
 1 
Table A.2 2 
Optimal parameters for single -diode model of thin-film PV cell,  Shell ST40 . 3 
Run Optimized variables   Calculated optimal variables  Error  
(𝐸𝑅𝑅 ) 𝑎 𝑅𝑆 (ohm)  𝑅𝑃 (ohm)   𝐼𝑂 (amp)  𝐼𝑃𝑉 (amp)  
1 1.1511  0.4982  64.1566   7.33E -10 2.7008  0 
2 1.8294  0.6214  105.585   2.59E -06 2.6958  0 
3 0.7174  0.3232  61.2282   1.30E -15 2.6941  0 
4 1.2643  0.5998  67.4728   5.24E -09 2.7038  0 
5 1.691 0 0.9883  149.4855   8.62E -07 2.6977  0 
6 1.7302  0.6131  93.1849   1.16E -06 2.6976  0 
7 1.5597  0.9835  111.9217   2.41E -07 2.7036  0 
8 1.1786  0.3304  63.5887   1.21E -09 2.6939  0 
9 0.6415  0.4868  61.0419   2.05E -17 2.7014  0 
10 0.6571  0.7136  60.9131   5.23E -17 2.7114  0 
11 1.1279  0.6118  64.617 0  4.68E -10 2.7054  0 
12 0.7625  0.3133  61.2828   1.04E -14 2.6937  0 
13 1.6438  0.2424  72.6505   5.23E -07 2.6889  0 
14 1.9412  0.7136  146.7342   5.86E -06 2.693 0 0 
15 0.6562  0.7043  60.9154   4.94E -17 2.711 0 0 
16 0.5741  0.0543  61.4294   2.02E -19 2.6824  0 
17 1.8872  0.5319  103.3401   3.94E -06 2.6938  0 
18 1.9711  0.7104  156.0223   7.16E -06 2.6922  0 
19 0.7858  0.4464  61.2645   2.77E -14 2.6995  0 
20 1.8679  0.2081  81.248 0  3.34E -06 2.6869  0 
21 0.7951  0.1085  61.4558   4.01E -14 2.6847  0 
22 1.4589  0.7394  79.2321   7.65E -08 2.705 0 0 
23 1.9324  0.8297  193.3936   5.61E -06 2.6915  0 
24 1.1393  0.7844  66.787 0  5.90E -10 2.7115  0 
25 1.4305  0.1046  65.7126   5.24E -08 2.6843  0 
26 0.708 0 0.6789  61.0332   8.21E -16 2.7098  0 
27 1.4966  0.4905  72.9187   1.16E -07 2.698 0 0 
28 1.1752  0.3608  63.6942   1.14E -09 2.6952  0 
29 1.4319  0.4757  70.3107   5.42E -08 2.6981  0 
30 0.5997  0.5016  61.0062   1.32E -18 2.702 0 0 
 4 
Table A.3 5 
Optimal parameters for double -diode model of monocrystalline PV cell,  Shell SQ85 . 6 
Run Optimized variables   Calculated optimal variables  Error  
(𝐸𝑅𝑅 ) 
𝑎1 𝑎2 𝑅𝑆 (ohm)  𝑅𝑃 (ohm)  𝐼𝑂1 (amp)   𝐼𝑂2 (amp)  𝐼𝑃𝑉 (amp)   
1 1.7801  1.6356  0.0797  67.1105  1.46E -08   2.17E -06 5.4565  0 
2 1.885 0 1.7283  0.1222  105.0533  2.41E -07   4.81E -06 5.4563  0 
3 1.922 0 1.3533  0.2691  79.1226  3.79E -07   1.01E -07 5.4685  0 
4 1.6887  1.3038  0.1614  54.9977  6.02E -07   4.21E -08 5.466 0 0