18 
 Run Optimized variables   Calculated optimal variables  Error  
(𝐸𝑅𝑅 ) 
𝑎1 𝑎2 𝑅𝑆 (ohm)  𝑅𝑃 (ohm)  𝐼𝑂1 (amp)   𝐼𝑂2 (amp)  𝐼𝑃𝑉 (amp)   
5 1.7724  1.8279  0.0767  106.5154  5.48E -07   9.58E -06 5.4539  0 
6 1.8507  1.8353  0.055 0 96.8293  3.36E -07   1.06E -05 5.4531  0 
7 1.8706  1.8469  0.1218  185.1248  9.18E -07   1.13E -05 5.4536  0 
8 1.9168  1.8224  0.123 0 162.5228  5.94E -07   9.83E -06 5.4541  0 
9 1.678 0 1.358 0 0.3099  122.5154  3.69E -07   9.87E -08 5.4638  0 
10 1.864 0 1.7755  0.0857  98.1603  8.47E -07   6.59E -06 5.4548  0 
11 1.9034  1.8958  0.0865  158.5245  1.09E -07   1.68E -05 5.453 0 0 
12 1.6000 1.6017  0.2217  142.9849  1.68E -07   1.48E -06 5.4585  0 
13 1.8984  1.9061  0.0705  141.2452  6.49E -07   1.73E -05 5.4527  0 
14 1.8088  1.7788  0.123 0 128.8713  4.33E -07   6.95E -06 5.4552  0 
15 1.7676  1.7478  0.1400 131.4551  8.65E -07   5.00E -06 5.4558  0 
16 1.9255  1.7736  0.1259  132.6791  9.50E -07   6.69E -06 5.4552  0 
17 1.8617  1.5541  0.2008  99.8431  4.22E -07   9.95E -07 5.461 0 0 
18 1.6853  1.6712  0.1568  109.1195  5.42E -07   2.56E -06 5.4578  0 
19 1.7173  1.6806  0.1342  96.9424  4.18E -07   2.97E -06 5.4575  0 
20 1.7824  1.8297  0.1199  158.5669  3.80E -07   1.01E -05 5.4541  0 
21 1.5585  1.3653  0.1467  60.9686  5.37E -07   5.75E -08 5.4631  0 
22 1.8657  1.9036  0.0187  95.9415  5.10E -07   1.68E -05 5.4511  0 
23 1.7949  1.7979  0.1197  135.527 0 6.21E -07   7.79E -06 5.4548  0 
24 1.5485  1.4453  0.2648  114.209 0 2.47E -07   2.41E -07 5.4626  0 
25 1.656 0 1.7532  0.1727  183.8524  3.30E -07   5.31E -06 5.4551  0 
26 1.8700 1.6898  0.1723  141.4586  7.53E -07   3.40E -06 5.4566  0 
27 1.741 0 1.4317  0.2592  99.4174  3.10E -07   2.59E -07 5.4642  0 
28 1.8105  1.5237  0.243 0 132.092 0 6.31E -07   7.11E -07 5.4600 0 
29 1.7946  1.6643  0.2043  172.9946  1.90E -07   2.84E -06 5.4564  0 
30 1.8152  1.2823  0.3677  174.2476  8.18E -07   3.63E -08 5.4615  0 
 1 
Table A.4 2 
Optimal parameters for double -diode model of thin-film PV cell,  Shell ST40 . 3 
Run Optimized variables   Calculated optimal variables  Error  
(𝐸𝑅𝑅 ) 
𝑎1 𝑎2 𝑅𝑆 (ohm)  𝑅𝑃 (ohm)  𝐼𝑂1 (amp)   𝐼𝑂2 (amp)  𝐼𝑃𝑉 (amp)   
1 1.9065  1.925 0 0.7522  153.0828  3.91E -07   4.82E -06 2.6932  0 
2 1.8842  1.5713  0.7022  85.2624  5.20E -09   2.64E -07 2.7021  0 
3 1.8206  1.8651  0.8217  153.2414  3.94E -07   2.91E -06 2.6944  0 
4 1.6633  1.6645  0.5843  85.6029  2.50E -07   3.97E -07 2.6983  0 
5 1.7872  1.6424  0.401 0 76.7627  2.69E -08   5.14E -07 2.694 0 0 
6 1.7654  0.5556  0.2804  61.8243  6.88E -08   4.50E -20 2.6922  0 
7 1.7827  1.7803  0.372 0 82.9629  3.12E -07   1.42E -06 2.692 0 0 
8 1.9481  1.9393  0.3139  91.0962  7.28E -07   4.87E -06 2.6892  0 
9 1.7463  1.5243  0.2691  73.3629  6.72E -07   7.54E -08 2.6898  0 
10 1.8744  0.9899  0.2629  61.9698  1.02E -08   2.05E -11 2.6914  0 
11 1.8786  1.5824  0.4708  76.8469  1.83E -07   2.77E -07 2.6964  0 
12 1.8334  1.9087  0.6337  118.7946  3.00E -07   4.12E -06 2.6943  0 
13 1.7719  1.6087  0.4246  76.8313  1.98E -07   3.31E -07 2.6948  0 
14 1.6865  1.6602  0.6929  93.3649  2.66E -07   4.20E -07 2.6999  0 
15 1.9999  1.8601  0.6178  111.4634  6.91E -07   3.00E -06 2.6949  0 
16 1.8505  0.9445  0.2214  64.0935  4.61E -07   5.09E -12 2.6893  0 
17 1.757 0 1.7569  0.6505  99.3375  1.11E -07   1.35E -06 2.6976  0 
18 1.6729  1.6724  0.9111  122.505 0 1.96E -07   5.26E -07 2.6999  0 
19 1.8204  1.8821  0.5948  109.8278  3.64E -08   3.76E -06 2.6945  0 
20 1.8917  1.8641  0.1001  77.7228  6.09E -07   2.72E -06 2.6835  0 
21 1.819 0 1.8148  0.3729  85.2798  8.42E -07   1.45E -06 2.6917  0 
22 1.7118  1.7139  0.5719  88.6591  8.75E -07   1.17E -07 2.6973  0 
23 1.8493  1.6547  0.9511  127.7029  4.38E -08   6.07E -07 2.7000 0 
24 1.8135  1.7034  0.8434  116.9312  6.80E -08   9.17E -07 2.6993  0 
25 1.7555  1.629 0 0.7303  99.7499  7.38E -07   2.32E -07 2.6996  0 
26 1.8962  1.8917  0.613 0 114.0591  2.95E -07   3.81E -06 2.6944  0 
27 1.8471  1.6204  0.8066  102.8662  4.29E -07   3.75E -07 2.701 0 0 
28 1.8505  1.7782  0.841 0 134.1845  1.38E -07   1.70E -06 2.6968  0 
29 1.8732  1.7878  0.5527  94.84 00 2.77E -07   1.72E -06 2.6956  0 
30 1.6848  1.5866  0.1409  70.4268  3.37E -07   1.66E -07 2.6854  0 
 4