Benchmarking NLU Services for building Conversational Age nts 13
Rasa Dialogﬂow LUIS Watson
Entity TPFPFN TN TPFPFN TN TPFPFN TN TPFPFN TN
appname 3021071 2131070 3021071 410 11061
artist name 3081065 5161064 4271063 31 81064
audiobook author 0011075 0011075 0011075 00 11075
audiobook name 2381063 6241064 5151065 63 41063
business name 2512161027 32 891029 32 591031 2930 121008
business type 15 241055 13 161056 14 551054 1645 31014
change amount 7021067 6231065 8211065 612 31056
coffee type 1031072 2121071 2021072 24 21068
color type 8231063 8131064 8131064 926 21042
currency name 25 0101058 14 0211058 28 471056 3112 41049
date 77 88983 742511 969 78 97984 8030 5971
deﬁnition word 7291058 10 361057 11 451056 6104 10 961
device type 33 081035 2410171027 33 681029 3876 3963
email address 4011071 4111070 3221071 10 41071
email folder 1001075 1001075 1001075 10 01075
event name 27 4211024 2525231005 24 6241023 3056 18 973
food type 13 3121048 16 591046 16 491047 1716 81040
game name 72101057 11 261057 12 051059 92 81057
general frequency 1141070 0051071 2031071 33 21069
house place 22 131050 2210 31042 24 111050 2518 01033
ingredient 0041072 1031072 0141072 13 31069
joke type 3111071 3011072 3211070 253 21019
listname 9741056 6271061 10 531058 756 61010
media type 29 4111033 2624141013 3111 91026 3481 6961
music descriptor 0021074 0021074 0021074 04 21070
music genre 6121067 7211066 6121067 78 11060
news topic 0291065 3361064 2471063 318 61049
order type 14 331056 12 351056 13 241057 17 8 01051
person 3114111021 3112111023 30 7121028 2736 15 999
personal info 5091063 5191062 7471059 1258 21011
place name 652230 971 661729 976 71 524 986 7639 19 961
player setting 13 261056 93101055 16 731052 1871 1988
playlist name 0011075 0011075 0011075 00 11075
podcast descriptor 5111069 4121069 5211068 59 11061
podcast name 0021074 0021074 1211072 0111 2968
radio name 4281063 6261062 7551060 217 101048
relation 8051063 6471059 7161063 10 4 31059
song name 4151066 5241065 3161066 313 61055
time 53 391013 4518171002 4912131010 55119 7928
time zone 2051071 3141070 2151070 663 11019
timeofday 23 331047 13 3131047 22 441047 26 4 01046
transport agency 10 001066 10 001066 10 001066 10 0 01066
transport name 0021074 0021074 0021074 00 21074
transport type 35 101040 14 1211041 34 411039 35 7 01035
weather descriptor 5191063 7371061 7271062 812 61053
Table 8: Confusion Matrix summary for Entities in Fold 1