12 Xingkun Liu, Arash Eshghi, Pawel Swietojanski and Verena Rieser
Rasa Dialogﬂow LUIS Watson
Intent TPFPFN TN TPFPFN TN TPFPFN TN TPFPFN TN
alarm query 17 121056 19 001057 18 211055 19 001057
alarm remove 11 001065 10 211063 9021065 11 001065
alarm set 18 311054 17 421053 17 321054 17 321054
audio volume down 7111067 8001068 7011068 8001068
audio volume mute 13 121060 14 011061 12 131060 14 111060
audio volume up 12 311060 13 001063 12 311060 12 311060
calendar query 1110 81047 1318 61039 11 681051 10 891049
calendar remove 17 021057 18 111056 18 211055 19 101056
calendar set 16 231055 14 251055 14 451053 16 331054
cooking recipe 15 141056 11 281055 13 461053 15 141056
datetime convert 5231066 7411064 7211066 8201066
datetime query 17 421053 18 911048 17 421053 18 411053
email addcontact 8301065 8001068 8001068 8201066
email query 17 121056 18 111056 15 341054 17 221055
email querycontact 11 481053 13 361054 14 451053 14 351054
email sendemail 17 121056 16 131056 16 431053 17 221055
general afﬁrm 19 101056 19 001057 19 001057 19 101056
general commandstop 19 001057 18 111056 19 001057 19 101056
general conﬁrm 19 101056 19 001057 19 001057 19 001057
general dontcare 19 001057 19 101056 18 111056 19 201055
general explain 19 101056 19 001057 18 011057 19 201055
general joke 11 011064 12 001064 12 001064 12 001064
general negate 18 011057 19 001057 19 101056 19 001057
general praise 18 111056 19 001057 19 101056 18 111056
general quirky 1122 81035 42151055 816111041 79121048
general repeat 19 001057 19 101056 19 001057 19 001057
iotcleaning 14 121059 13 631054 16 101059 16 101059
iotcoffee 18 311054 18 111056 18 011057 19 101056
iothuelightchange 15 141056 14 351054 15 441053 13 361054
iothuelightdim 12 001064 11 011064 10 121063 11 111063
iothuelightoff 17 221055 15 041057 17 121056 17 221055
iothuelighton 3301070 3301070 2311070 3301070
iothuelightup 9151061 11 131061 11 031062 11 231060
iotwemo off 9201065 8411063 9401063 9201065
iotwemo on 5221067 5121068 4331066 6111068
lists createoradd 16 231055 16 631051 16 531052 18 311054
lists query 16 331054 16 531052 16 331054 14 251055
lists remove 17 121056 18 311054 18 211055 18 011057
music likeness 12 461054 13 551053 13 351055 14 141057
music query 13 061057 11 381054 10 491053 11 281055
music settings 6211067 4231067 7001069 7201067
news query 13 961048 10 491053 13 361054 14 151056
play audiobook 16 331054 13 861049 17 121056 16 231055
play game 15 541052 13 261055 13 261055 13 261055
play music 13 461053 16 531052 1211 71046 1214 71043
play podcasts 17 021057 14 151056 16 031057 17 121056
play radio 15 141056 15 241055 17 121056 15 241055
qacurrency 17 121056 16 031057 18 011057 18 011057
qadeﬁnition 19 001057 13 261055 18 011057 18 111056
qafactoid 1013 91044 79121048 1515 41042 14 851049
qamaths 14 201060 12 221060 13 411058 14 101061
qastock 19 201055 19 101056 19 001057 19 101056
recommendation events 13 261055 14 651051 16 331054 15 241055
recommendation locations 16 131056 15 141056 17 221055 16 131056
recommendation movies 8221064 8221064 9111065 10 201064
social post 18 311054 17 421053 18 111056 19 101056
social query 16 521053 14 841050 17 311055 17 311055
takeaway order 12 071057 16 231055 16 431053 16 131056
takeaway query 18 611051 19 301054 16 231055 18 311054
transport query 16 331054 17 321054 13 361054 14 551052
transport taxi 17 211056 17 111057 18 001058 18 101057
transport ticket 16 131056 17 021057 16 131056 16 231055
transport trafﬁc 18 111056 18 111056 18 111056 19 201055
weather query 16 231055 12 271055 13 561052 13 261055
Table 7: Confusion Matrix summary for Intents in Fold 1