6 Auto-sklearn: Efﬁcient and Robust Automated Machine Learning 129
Table 6.5 Like Table 6.4, but instead optimizing subspaces for each preprocessing method (and all classiﬁers)
OpenML
datasetID AUTO-
SKLEARNDensi-ﬁerExtreml.rand.treesprepr.
FastICAFeatureagglom-eration
KernelPCARand.kitchensinks LinearSVMprepr.
Nopreproc. Nystroemsampler
PCAPoly-nomialRandomtreesembed.Selectpercentileclassiﬁca-tion
Selectrates Truncated-SVD
38 2.15 – 4.03 7.27 2.24 5.84 8.57 2.28 2.28 7.70 7.23 2.90 18.50 2.20 2.28 –
46 3.76 – 4.98 7.95 4.40 8.74 8.41 4.25 4.52 8.48 8.40 4.21 7.51 4.17 4.68 –
179 16.99 – 17.83 17.24 16.92 100.00 17.34 16.84 16.97 17.30 17.64 16.94 17.05 17.09 16.86 –
184 10.32 – 55.78 19.96 11.31 36.52 28.05 9.92 11.43 25.53 21.15 10.54 12.68 45.03 10.47 –
554 1.55 – 1.56 2.52 1.65 100.00 100.00 2.21 1.60 2.21 1.65 100.00 3.48 1.46 1.70 –
772 46.85 – 47.90 48.65 48.62 47.59 47.68 47.72 48.34 48.06 47.30 48.00 47.84 47.56 48.43 –
917 10.22 – 8.33 16.06 10.33 20.94 35.44 8.67 9.44 37.83 22.33 9.11 17.67 10.00 10.44 –
1049 12.93 – 20.36 19.92 13.14 19.57 20.06 13.28 15.84 18.96 17.22 12.95 18.52 11.94 14.38 –
1111 23.70 – 23.36 24.69 23.73 100.00 25.25 23.43 22.27 23.95 23.25 26.94 26.68 23.53 23.33 –
1120 13.81 – 16.29 14.22 13.73 14.57 14.82 14.02 13.85 14.66 14.23 13.22 15.03 13.65 13.67 –
1128 4.21 – 4.90 4.96 4.76 4.21 5.08 4.52 4.59 4.08 4.59 50.00 9.23 4.33 4.08 –
293 2.86 24.40 3.41 – – 100.00 19.30 3.01 2.66 20.94 – – 8.05 2.86 2.74 4.05
389 19.65 20.63 21.40 – – 17.50 19.66 19.89 20.87 18.46 – – 44.83 20.17 19.18 21.58