14
TABLE VIII
EVALUATION RESULTS FOR THE SHIPS AND VESSELS DATASET .
Versions Precision Recall mAP50 mAP50-95Preprocess
TimeInference
TimePostprocess
TimeTotal
TimeSize GFLOPs
YOLOv3u 0.679 0.534 0.519 0.298 0.8 6.2 0.3 7.3 207.86 282.5
YOLOV3u tiny 0.647 0.511 0.489 0.273 1 0.7 0.3 2 24.44 18.9
YOLOv5un 0.635 0.532 0.514 0.298 1.5 0.6 0.3 2.4 5.65 7.2
YOLOv5us 0.653 0.541 0.518 0.299 1.2 0.8 0.3 2.3 18.58 24
YOLOv5um 0.667 0.541 0.526 0.308 0.9 2.1 0.3 3.3 50.54 64
YOLOv5ul 0.654 0.545 0.525 0.305 0.9 3.3 0.3 4.5 106.85 134.8
YOLOv5ux 0.668 0.555 0.531 0.309 0.8 6.7 0.3 7.8 195.2 246.2
YOLOv8n 0.655 0.533 0.515 0.297 1.5 0.5 0.3 2.3 6.55 8
YOLOv8s 0.647 0.545 0.518 0.301 1.1 1 0.3 2.4 22.59 28.5
YOLOv8m 0.669 0.547 0.525 0.302 0.8 2.5 0.3 3.6 52.12 79
YOLOv8l 0.659 0.551 0.526 0.303 0.9 3.9 0.3 5.1 87.77 165
YOLOv8x 0.655 0.55 0.529 0.306 0.8 7.1 0.3 8.2 136.9 257.7
YOLOv9t 0.647 0.516 0.512 0.3 1.4 1.1 0.3 2.8 4.93 7.5
YOLOv9s 0.655 0.552 0.522 0.308 1.4 1.2 0.3 2.9 15.33 26.9
YOLOv9m 0.668 0.551 0.529 0.307 1.1 2.7 0.3 4.1 40.98 76.8
YOLOv9c 0.663 0.547 0.523 0.303 1.2 3.4 0.3 4.9 51.8 102.4
YOLOv9e 0.667 0.537 0.524 0.308 1.1 7.6 0.3 9 117.5 189.5
YOLOv10n 0.584 0.487 0.506 0.31 1.4 0.8 0.2 2.4 5.59 8.2
YOLOv10s 0.586 0.511 0.515 0.319 1.1 1.1 0.2 2.4 15.9 24.4
YOLOv10m 0.588 0.517 0.522 0.322 1 2.4 0.1 3.5 32.1 63.4
YOLOv10b 0.603 0.509 0.523 0.319 1.1 3.2 0.1 4.4 39.7 97.9
YOLOv10l 0.601 0.511 0.522 0.322 1.1 3.8 0.1 5 50 126.3
YOLOv10x 0.6 0.523 0.526 0.321 1 6.3 0.2 7.5 61.4 169.8
YOLO11n 0.574 0.51 0.505 0.311 1.5 0.7 0.3 2.5 5.35 6.3
YOLO11s 0.585 0.535 0.521 0.323 1.3 1 0.3 2.6 18.4 21.3
YOLO11m 0.588 0.541 0.53 0.325 1 2.4 0.3 3.7 38.8 67.6
YOLO11l 0.596 0.531 0.528 0.325 1.1 3 0.4 4.5 49 86.6
YOLO11x 0.596 0.538 0.529 0.327 0.8 6.1 0.3 7.2 109 194.4
Fig. 16. mAP50 and mAP50-95 YOLO results on ships and vessel dataset. Each model is represented by two bars: the left bar shows the mAP50 score,
while the right bar represents the mAP50-95 score.