11
TABLE VII
EVALUATION RESULTS FOR THE AFRICA WILDLIFE DATASET .
Versions Precision Recall mAP50 mAP50-95Preprocess
TimeInference
TimePostprocess
TimeTotal Time Size GFLOPs
YOLOv3u 0.91 0.88 0.943 0.803 0.5 6.2 0.4 7.1 207.86 282.2
YOLOV3u tiny 0.897 0.866 0.921 0.725 0.7 0.7 0.4 1.8 24.44 19.1
YOLOv5un 0.949 0.862 0.948 0.791 1.1 0.5 0.4 2 5.65 7
YOLOv5us 0.924 0.882 0.853 0.804 1 0.8 0.4 2.2 18.58 23.8
YOLOv5um 0.935 0.887 0.947 0.807 0.6 2.1 0.4 3.1 50.54 64
YOLOv5ul 0.916 0.881 0.948 0.797 0.7 3.3 0.4 4.4 106.85 135
YOLOv5ux 0.932 0.867 0.946 0.797 0.5 6.6 0.4 7.5 195.2 246.2
YOLOv8n 0.932 0.908 0.953 0.794 1.1 0.5 0.4 2 6.55 8.2
YOLOv8s 0.962 0.88 0.943 0.812 0.9 1 0.4 2.3 22.59 28.7
YOLOv8m 0.928 0.909 0.953 0.822 0.8 2.5 0.4 3.7 52.12 78.9
YOLOv8l 0.942 0.898 0.957 0.817 0.9 3.9 0.4 5.2 87.77 165.1
YOLOv8x 0.912 0.906 0.953 0.819 0.5 7.1 0.4 8 136.9 257.6
YOLOv9t 0.944 0.875 0.948 0.825 1.3 1.1 0.4 2.8 4.93 7.7
YOLOv9s 0.921 0.897 0.956 0.832 1 1.2 0.4 2.6 15.33 26.9
YOLOv9m 0.924 0.901 0.952 0.823 0.9 2.8 0.4 4.1 40.98 76.5
YOLOv9c 0.934 0.897 0.96 0.83 0.9 3.4 0.4 4.7 51.8 102.7
YOLOv9e 0.932 0.864 0.944 0.809 0.5 7.6 0.4 8.5 117.5 189.3
YOLOv10n 0.901 0.9 0.936 0.786 1.1 0.7 0.2 2 5.59 8.2
YOLOv10s 0.929 0.888 0.947 0.799 0.9 1.1 0.2 2.2 15.9 24.5
YOLOv10m 0.91 0.88 0.945 0.8 1 2.4 0.2 3.6 32.1 63.4
YOLOv10b 0.905 0.899 0.944 0.809 0.8 3.2 0.2 4.2 39.7 98
YOLOv10l 0.922 0.894 0.944 0.8 0.7 3.8 0.2 4.7 50 126.3
YOLOv10x 0.96 0.862 0.949 0.819 0.8 6.3 0.2 7.3 61.4 169.8
YOLO11n 0.964 0.877 0.964 0.802 1.1 0.7 0.4 2.2 5.35 6.3
YOLO11s 0.952 0.892 0.959 0.8 1.1 1 0.4 2.5 18.4 21.3
YOLO11m 0.922 0.906 0.96 0.81 0.9 2.4 0.4 3.7 38.8 67.7
YOLO11l 0.937 0.896 0.965 0.805 0.9 3 0.4 4.3 49 86.6
YOLO11x 0.908 0.886 0.945 0.795 0.6 6.1 0.4 7.1 109 194.4
Fig. 12. mAP50 and mAP50-95 YOLO results on Africa wildlife dataset. Each model is represented by two bars: the left bar shows the mAP50 score, while
the right bar represents the mAP50-95 score.