LKT-ner
LKT-syn_arc_class
LKT-chunking
LKT-syn_arc_pred
LKT-pos
BLiMP-npi_licensing
BLiMP-control_raising
BLiMP-quantifiers
BLiMP-island_effects
BLiMP-irregular_forms
BLiMP-binding
BLiMP-argument_structure
BLiMP-subject_verb_agreement
BLiMP-anaphor_agreement
BLiMP-ellipsis
BLiMP-filler_gap
BLiMP-determiner
LAMA-TREx-1-1
LAMA-TREx-N-1
LAMA-TREx-N-M
LAMA-Google_RE-date_of_birth
LAMA-Google_RE-place_of_birth
LAMA-Google_RE-place_of_death
LAMA-SQuAD-test
LAMA-ConceptNet-test
CAT-wsc
CAT-sm
CAT-smr
CAT-ca
CAT-hella_swag
CAT-arct_2
CAT-swag
CAT-arct_1
oLMpics-multi_hop_composition
oLMpics-encyclopedic_composition
oLMpics-objects_comparison
oLMpics-taxonomy_conjunction
oLMpics-always_never
oLMpics-antonym_negation
oLMpics-age_comparison
oLMpics-property_conjunction
CoLA
SST-2
WNLI
WSC
MRPC
MNLI
ReCoRD
SQuADLKT-ner
LKT-syn_arc_class
LKT-chunking
LKT-syn_arc_pred
LKT-pos
BLiMP-npi_licensing
BLiMP-control_raising
BLiMP-quantifiers
BLiMP-island_effects
BLiMP-irregular_forms
BLiMP-binding
BLiMP-argument_structure
BLiMP-subject_verb_agreement
BLiMP-anaphor_agreement
BLiMP-ellipsis
BLiMP-filler_gap
BLiMP-determiner
LAMA-TREx-1-1
LAMA-TREx-N-1
LAMA-TREx-N-M
LAMA-Google_RE-date_of_birth
LAMA-Google_RE-place_of_birth
LAMA-Google_RE-place_of_death
LAMA-SQuAD-test
LAMA-ConceptNet-test
CAT-wsc
CAT-sm
CAT-smr
CAT-ca
CAT-hella_swag
CAT-arct_2
CAT-swag
CAT-arct_1
oLMpics-multi_hop_composition
oLMpics-encyclopedic_composition
oLMpics-objects_comparison
oLMpics-taxonomy_conjunction
oLMpics-always_never
oLMpics-antonym_negation
oLMpics-age_comparison
oLMpics-property_conjunction
CoLA
SST-2
WNLI
WSC
MRPC
MNLI
ReCoRD
SQuAD1.00
0.87 1.00
0.91 0.91 1.00
0.89 0.80 0.80 1.00
0.82 0.91 0.87 0.80 1.00
0.45 0.49 0.45 0.47 0.54 1.00
0.78 0.78 0.78 0.67 0.69 0.45 1.00
0.82 0.91 0.87 0.71 0.87 0.49 0.82 1.00
0.85 0.89 0.89 0.74 0.80 0.38 0.80 0.85 1.00
0.64 0.55 0.64 0.66 0.55 0.22 0.51 0.51 0.53 1.00
0.78 0.82 0.82 0.71 0.87 0.54 0.65 0.82 0.76 0.51 1.00
0.82 0.82 0.82 0.71 0.82 0.45 0.87 0.91 0.76 0.55 0.78 1.00
0.71 0.71 0.67 0.74 0.71 0.56 0.71 0.67 0.65 0.44 0.63 0.63 1.00
0.66 0.71 0.66 0.60 0.64 0.40 0.75 0.77 0.64 0.39 0.69 0.77 0.64 1.00
0.35 0.44 0.40 0.33 0.42 0.35 0.49 0.53 0.38 0.43 0.35 0.53 0.27 0.57 1.00
0.82 0.78 0.82 0.71 0.74 0.32 0.74 0.74 0.76 0.55 0.74 0.78 0.63 0.71 0.40 1.00
0.86 0.82 0.82 0.88 0.86 0.55 0.75 0.73 0.75 0.61 0.73 0.75 0.84 0.57 0.30 0.75 1.00
0.91 0.95 0.95 0.80 0.91 0.44 0.77 0.91 0.88 0.59 0.86 0.86 0.69 0.70 0.43 0.82 0.81 1.00
0.88 0.88 0.88 0.77 0.80 0.42 0.84 0.88 0.86 0.57 0.75 0.84 0.71 0.77 0.46 0.84 0.79 0.89 1.00
0.93 0.88 0.93 0.86 0.88 0.46 0.75 0.84 0.86 0.61 0.84 0.80 0.71 0.63 0.37 0.80 0.83 0.93 0.87 1.00
0.68 0.66 0.68 0.61 0.59 0.52 0.63 0.66 0.61 0.44 0.63 0.63 0.70 0.67 0.35 0.54 0.63 0.68 0.64 0.61 1.00
0.40 0.54 0.45 0.34 0.54 0.60 0.42 0.54 0.45 0.08 0.49 0.45 0.45 0.57 0.53 0.54 0.39 0.49 0.52 0.43 0.44 1.00
0.45 0.56 0.52 0.47 0.56 0.66 0.49 0.56 0.52 0.23 0.61 0.52 0.59 0.56 0.42 0.33 0.49 0.52 0.45 0.50 0.70 0.57 1.00
0.89 0.80 0.87 0.83 0.80 0.51 0.74 0.76 0.78 0.66 0.85 0.78 0.76 0.64 0.30 0.78 0.85 0.85 0.83 0.88 0.69 0.34 0.55 1.00
0.96 0.91 0.96 0.85 0.87 0.41 0.82 0.87 0.89 0.64 0.82 0.87 0.71 0.71 0.40 0.87 0.86 0.95 0.93 0.93 0.68 0.45 0.47 0.89 1.00
0.65 0.51 0.56 0.63 0.60 0.54 0.72 0.58 0.56 0.46 0.60 0.67 0.60 0.57 0.35 0.51 0.66 0.55 0.57 0.62 0.45 0.28 0.46 0.69 0.60 1.00
0.84 0.82 0.82 0.73 0.82 0.49 0.75 0.86 0.75 0.48 0.86 0.88 0.64 0.74 0.43 0.71 0.70 0.86 0.77 0.83 0.65 0.39 0.60 0.82 0.84 0.69 1.00
0.74 0.78 0.78 0.63 0.78 0.32 0.69 0.82 0.71 0.42 0.78 0.82 0.58 0.69 0.40 0.69 0.64 0.84 0.73 0.77 0.59 0.45 0.54 0.69 0.78 0.49 0.82 1.00
0.91 0.82 0.86 0.80 0.77 0.35 0.75 0.77 0.80 0.54 0.73 0.80 0.66 0.63 0.32 0.77 0.77 0.88 0.86 0.90 0.63 0.39 0.46 0.82 0.91 0.57 0.81 0.84 1.00
0.82 0.78 0.78 0.80 0.69 0.45 0.78 0.78 0.76 0.51 0.65 0.74 0.71 0.66 0.35 0.69 0.77 0.80 0.86 0.82 0.61 0.40 0.43 0.74 0.82 0.60 0.71 0.69 0.86 1.00
0.80 0.71 0.80 0.74 0.67 0.38 0.71 0.71 0.69 0.53 0.67 0.76 0.69 0.64 0.29 0.67 0.75 0.75 0.73 0.73 0.70 0.25 0.52 0.80 0.80 0.56 0.77 0.67 0.73 0.67 1.00
0.88 0.95 0.93 0.77 0.86 0.44 0.80 0.91 0.91 0.57 0.82 0.82 0.73 0.70 0.43 0.80 0.79 0.97 0.92 0.92 0.67 0.51 0.53 0.84 0.93 0.53 0.81 0.82 0.88 0.84 0.73 1.00
0.66 0.57 0.66 0.66 0.52 0.26 0.57 0.57 0.54 0.65 0.54 0.61 0.59 0.51 0.20 0.52 0.60 0.63 0.60 0.60 0.57 0.11 0.41 0.70 0.66 0.50 0.65 0.57 0.63 0.59 0.77 0.63 1.00
0.38 0.38 0.35 0.42 0.38 0.10 0.38 0.38 0.45 0.30 0.35 0.38 0.35 0.42 0.28 0.38 0.39 0.37 0.37 0.37 0.20 0.14 0.24 0.36 0.38 0.53 0.39 0.24 0.28 0.35 0.31 0.35 0.19 1.00
0.09 0.13 0.09 0.07 0.09 -0.13 0.22 0.22 0.11 0.26 0.09 0.22 0.02 0.35 0.39 0.09 -0.01 0.12 0.19 0.06 0.17 0.12 0.12 0.01 0.13 0.15 0.15 0.18 0.10 0.13 0.02 0.12 0.07 0.28 1.00
0.17 0.17 0.17 0.17 0.27 0.10 0.13 0.20 0.20 0.12 0.27 0.20 0.15 0.16 0.16 0.17 0.19 0.23 0.14 0.23 0.05 0.05 0.13 0.26 0.17 0.38 0.23 0.17 0.19 0.15 0.08 0.21 0.06 0.54 -0.09 1.00
0.62 0.69 0.64 0.69 0.73 0.46 0.55 0.69 0.57 0.48 0.73 0.69 0.64 0.63 0.34 0.51 0.61 0.70 0.59 0.68 0.56 0.39 0.66 0.71 0.64 0.60 0.77 0.73 0.66 0.60 0.60 0.68 0.63 0.39 0.21 0.22 1.00
-0.24 -0.29 -0.20 -0.31 -0.24 -0.07 -0.20 -0.29 -0.27 -0.14 -0.24 -0.29 -0.18 -0.32 -0.10 -0.20 -0.19 -0.23 -0.26 -0.21 -0.15 -0.10 -0.19 -0.12 -0.24 -0.17 -0.30 -0.24 -0.21 -0.24 -0.22 -0.23 -0.22 -0.47 -0.28 -0.09 -0.32 1.00
0.10 0.10 0.14 0.08 0.10 0.16 0.19 0.14 0.03 0.42 0.05 0.19 0.12 0.20 0.49 0.19 0.11 0.15 0.18 0.09 0.27 0.25 0.01 0.09 0.14 0.07 0.07 0.10 0.13 0.19 0.03 0.13 0.21 -0.17 0.25 -0.15 0.09 0.11 1.00
0.37 0.37 0.35 0.32 0.37 0.15 0.37 0.37 0.37 0.03 0.37 0.37 0.43 0.46 0.13 0.51 0.38 0.39 0.42 0.39 0.29 0.44 0.36 0.38 0.37 0.35 0.38 0.51 0.46 0.40 0.43 0.40 0.22 0.26 0.04 0.21 0.38 0.00 -0.15 1.00
0.27 0.31 0.31 0.20 0.31 -0.07 0.18 0.35 0.33 0.26 0.40 0.31 0.11 0.39 0.19 0.33 0.17 0.34 0.28 0.28 0.24 0.12 0.14 0.24 0.31 0.19 0.34 0.31 0.21 0.18 0.24 0.30 0.20 0.49 0.21 0.37 0.26 -0.39 0.02 0.17 1.00
0.67 0.58 0.63 0.56 0.54 0.38 0.80 0.63 0.60 0.40 0.54 0.71 0.65 0.73 0.51 0.71 0.64 0.62 0.69 0.60 0.59 0.49 0.49 0.67 0.67 0.69 0.64 0.54 0.60 0.58 0.65 0.60 0.50 0.38 0.18 0.17 0.46 -0.04 0.21 0.51 0.20 1.00
0.64 0.75 0.66 0.66 0.73 0.64 0.75 0.78 0.64 0.36 0.62 0.73 0.78 0.76 0.47 0.55 0.72 0.70 0.70 0.63 0.62 0.57 0.65 0.59 0.69 0.64 0.69 0.62 0.60 0.73 0.62 0.70 0.49 0.43 0.23 0.18 0.68 -0.32 0.12 0.36 0.18 0.62 1.00
0.68 0.63 0.66 0.68 0.63 0.28 0.63 0.63 0.63 0.55 0.63 0.68 0.52 0.52 0.29 0.59 0.60 0.70 0.62 0.70 0.49 0.23 0.40 0.70 0.68 0.67 0.68 0.70 0.75 0.66 0.56 0.68 0.60 0.39 0.20 0.30 0.73 -0.18 0.12 0.41 0.25 0.52 0.48 1.00
0.62 0.60 0.64 0.51 0.55 0.15 0.46 0.55 0.57 0.41 0.60 0.51 0.39 0.43 0.11 0.60 0.50 0.66 0.59 0.66 0.37 0.27 0.20 0.55 0.64 0.32 0.52 0.60 0.61 0.53 0.57 0.66 0.51 0.23 -0.03 0.14 0.41 -0.23 0.03 0.45 0.50 0.35 0.33 0.44 1.00
0.83 0.81 0.83 0.77 0.81 0.50 0.74 0.77 0.81 0.60 0.83 0.77 0.68 0.60 0.34 0.74 0.80 0.85 0.76 0.85 0.66 0.38 0.55 0.90 0.83 0.68 0.78 0.72 0.78 0.70 0.72 0.82 0.58 0.35 0.07 0.25 0.72 -0.09 0.08 0.41 0.25 0.68 0.58 0.76 0.51 1.00
0.78 0.69 0.69 0.71 0.74 0.58 0.65 0.74 0.63 0.46 0.78 0.78 0.67 0.69 0.35 0.60 0.69 0.73 0.66 0.75 0.63 0.40 0.68 0.80 0.74 0.72 0.88 0.69 0.71 0.60 0.71 0.69 0.59 0.38 0.16 0.22 0.80 -0.29 -0.03 0.37 0.22 0.63 0.71 0.61 0.39 0.74 1.00
0.89 0.85 0.89 0.78 0.80 0.34 0.80 0.80 0.87 0.57 0.76 0.80 0.69 0.64 0.33 0.80 0.80 0.91 0.88 0.88 0.68 0.45 0.47 0.85 0.93 0.58 0.77 0.80 0.93 0.85 0.74 0.91 0.63 0.31 0.16 0.15 0.66 -0.18 0.16 0.43 0.24 0.65 0.62 0.75 0.62 0.86 0.67 1.00
0.96 0.91 0.96 0.85 0.87 0.41 0.82 0.87 0.89 0.64 0.82 0.87 0.71 0.71 0.40 0.87 0.86 0.95 0.93 0.93 0.68 0.45 0.47 0.89 1.00 0.60 0.84 0.78 0.91 0.82 0.80 0.93 0.66 0.38 0.13 0.17 0.64 -0.24 0.14 0.37 0.31 0.67 0.69 0.68 0.64 0.83 0.74 0.93 1.00
0.25
 0.00 0.25 0.50 0.75 1.00Figure 4: Plot of Kendall Tau correlation among all experiments included. We calculate based on results from
the 14 checkpoints used in Fig. 3
Name Values
Architecture RoBERTa-base
Masking Static
Update steps 1M
Batch size 256
Max length 512
Warmup steps 10K
Peak Learning rate 0.0005
Learning rate scheduler Polynomial Decay
Dropout rate 0.1
Attention dropout rate 0.1
Weight Decay rate 0.01
Optimizer Adam (s= (0:9;0:98),= 1e 6)
Table 2: Conﬁgurations for pretraining RoBERTa.