Symmetry 2020 ,12, 1758 25 of 31
Figure 12. G-mean results of the GABONST-ELM and ESA-LEM.
Table 9. ESA-ELM evaluation results during all the experiments.
Hidden Neuron Numbers Accuracy Precision Recall F-Measure G-Mean
650 94.37 77.50 77.50 77.50 62.76
675 94.37 77.50 77.50 77.50 62.50
700 93.75 75.00 75.00 75.00 59.38
725 94.37 77.50 77.50 77.50 62.81
750 95.63 82.50 82.50 82.50 69.64
775 95.00 80.00 80.00 80.00 66.11
800 95.63 82.50 82.50 82.50 69.64
825 95.00 80.00 80.00 80.00 66.16
850 95.00 80.00 80.00 80.00 66.16
875 96.25 85.00 85.00 85.00 73.41
900 95.00 80.00 80.00 80.00 66.20
Table 10. GABONST-ELM evaluation results during all the experiments.
Hidden Neuron Numbers Accuracy Precision Recall F-Measure G-Mean
650 92.50 70.00 70.00 70.00 53.40
675 98.12 92.50 92.50 92.50 85.85
700 98.12 92.50 92.50 92.50 85.85
725 99.38 97.50 97.50 97.50 95.06
750 97.50 90.00 90.00 90.00 81.56
775 98.75 95.00 95.00 95.00 90.25
800 99.38 97.50 97.50 97.50 95.06
825 99.38 97.50 97.50 97.50 95.06
850 99.38 97.50 97.50 97.50 95.06
875 99.38 97.50 97.50 97.50 95.06
900 98.12 92.50 92.50 92.50 85.85