Model size: BASE LARGE
Relation (dataset)Model original E-BERT E-BERT- ERNIE Know- original E-BERT- E-BERT- number of
BERT replace concat Bert BERT replace concat questions
T-REx:P17 (0, original LAMA) 31.3 53.7 52.4 55.3 23.7 36.5 43.3 42.8 930
T-REx:P17 (1) 31.0 55.0 53.3 55.5 23.2 36.2 44.5 43.3 885
T-REx:P17 (2, LAMA-UHN) 31.0 55.0 53.3 55.5 23.2 36.2 44.5 43.3 885
T-REx:P19 (0, original LAMA) 21.1 26.4 28.1 28.7 23.3 22.2 24.6 25.3 944
T-REx:P19 (1) 20.6 26.5 27.5 28.2 22.9 21.8 24.5 24.8 933
T-REx:P19 (2, LAMA-UHN) 9.8 20.3 18.7 19.4 12.2 11.7 18.1 15.5 728
T-REx:P20 (0, original LAMA) 27.9 29.7 35.8 16.6 31.1 31.7 37.1 33.5 953
T-REx:P20 (1) 28.2 29.9 36.0 16.5 31.0 32.0 37.2 33.8 944
T-REx:P20 (2, LAMA-UHN) 15.5 21.5 23.3 8.4 20.0 18.9 27.3 22.6 656
T-REx:P27 (0, original LAMA) 0.0 0.0 0.1 0.0 0.1 0.0 0.0 0.1 966
T-REx:P27 (1) 0.0 0.0 0.1 0.0 0.1 0.0 0.0 0.1 945
T-REx:P27 (2, LAMA-UHN) 0.0 0.0 0.2 0.0 0.1 0.0 0.0 0.2 423
T-REx:P30 (0, original LAMA) 25.4 69.9 69.8 66.8 24.0 28.0 75.0 60.4 975
T-REx:P30 (1) 25.1 70.3 69.9 66.6 23.9 27.5 75.0 60.3 963
T-REx:P30 (2, LAMA-UHN) 25.1 70.3 69.9 66.6 23.9 27.5 75.0 60.3 963
T-REx:P31 (0, original LAMA) 36.7 25.5 46.9 43.7 18.7 30.2 12.3 16.1 922
T-REx:P31 (1) 21.1 28.4 35.8 30.3 12.4 16.3 9.9 9.8 564
T-REx:P31 (2, LAMA-UHN) 21.1 28.4 35.8 30.3 12.4 16.3 9.9 9.8 564
T-REx:P36 (0, original LAMA) 62.2 42.1 61.6 57.3 62.2 67.0 44.7 66.0 703
T-REx:P36 (1) 51.5 41.9 53.9 45.9 51.7 57.5 43.8 58.8 534
T-REx:P36 (2, LAMA-UHN) 51.5 41.9 53.9 45.9 51.7 57.5 43.8 58.8 534
T-REx:P37 (0, original LAMA) 54.6 51.2 56.5 60.2 53.1 61.5 54.3 62.7 966
T-REx:P37 (1) 52.9 51.6 55.5 59.4 51.9 60.5 54.2 62.1 924
T-REx:P37 (2, LAMA-UHN) 52.9 51.6 55.5 59.4 51.9 60.5 54.2 62.1 924
T-REx:P39 (0, original LAMA) 8.0 22.9 22.5 17.0 17.2 4.7 8.1 8.6 892
T-REx:P39 (1) 7.5 23.0 22.3 17.1 16.5 4.6 8.1 8.5 878
T-REx:P39 (2, LAMA-UHN) 7.5 23.0 22.3 17.1 16.5 4.6 8.1 8.5 878
T-REx:P47 (0, original LAMA) 13.7 8.9 10.8 9.8 14.0 18.2 15.1 15.9 922
T-REx:P47 (1) 13.6 9.1 10.7 9.6 13.9 18.6 15.2 15.9 904
T-REx:P47 (2, LAMA-UHN) 13.6 9.1 10.7 9.6 13.9 18.6 15.2 15.9 904
T-REx:P101 (0, original LAMA) 9.9 37.8 40.8 16.7 12.2 11.5 37.8 36.1 696
T-REx:P101 (1) 9.5 38.2 40.9 16.1 11.4 10.8 38.0 35.8 685
T-REx:P101 (2, LAMA-UHN) 9.5 38.2 40.9 16.1 11.4 10.8 38.0 35.8 685
T-REx:P103 (0, original LAMA) 72.2 85.8 86.8 85.5 73.4 78.2 84.4 84.9 977
T-REx:P103 (1) 72.1 85.7 86.8 85.4 73.3 78.2 84.4 84.9 975
T-REx:P103 (2, LAMA-UHN) 45.8 81.9 74.7 83.6 72.2 58.6 81.2 71.1 415
T-REx:P106 (0, original LAMA) 0.6 6.5 5.4 8.4 1.6 0.6 4.3 2.1 958
T-REx:P106 (1) 0.6 6.5 5.4 8.4 1.6 0.6 4.3 2.1 958
T-REx:P106 (2, LAMA-UHN) 0.6 6.5 5.4 8.4 1.6 0.6 4.3 2.1 958
T-REx:P108 (0, original LAMA) 6.8 9.9 23.2 14.1 10.7 1.6 11.7 15.9 383
T-REx:P108 (1) 6.5 9.9 23.0 13.9 10.5 1.3 11.8 16.0 382
T-REx:P108 (2, LAMA-UHN) 6.5 9.9 23.0 13.9 10.5 1.3 11.8 16.0 382
T-REx:P127 (0, original LAMA) 34.8 24.0 34.9 36.2 31.4 34.8 25.3 35.8 687
T-REx:P127 (1) 14.2 19.7 23.5 17.1 15.5 14.6 21.1 24.6 451
T-REx:P127 (2, LAMA-UHN) 14.2 19.7 23.5 17.1 15.5 14.6 21.1 24.6 451
Table 9: Mean Hits@1 and number of questions per LAMA relation. 0: original LAMA dataset, 1: after applying
heuristic 1 (string match ﬁlter), 2: after applying both heuristics (LAMA-UHN).