Model size: BASE LARGE
Relation (dataset)Model original E-BERT E-BERT- ERNIE Know- original E-BERT- E-BERT- number of
BERT replace concat Bert BERT replace concat questions
T-REx:P131 (0, original LAMA) 23.3 33.4 36.4 37.3 27.7 26.3 31.4 37.2 881
T-REx:P131 (1) 16.7 32.0 33.9 32.7 21.5 20.1 31.0 33.4 706
T-REx:P131 (2, LAMA-UHN) 16.7 32.0 33.9 32.7 21.5 20.1 31.0 33.4 706
T-REx:P136 (0, original LAMA) 0.8 5.2 9.1 0.6 0.6 1.3 6.9 13.1 931
T-REx:P136 (1) 0.2 5.1 8.7 0.2 0.1 0.2 6.9 12.2 913
T-REx:P136 (2, LAMA-UHN) 0.2 5.1 8.7 0.2 0.1 0.2 6.9 12.2 913
T-REx:P138 (0, original LAMA) 61.6 8.8 26.5 0.2 63.7 45.1 2.6 24.0 645
T-REx:P138 (1) 5.0 10.0 8.8 0.0 6.9 4.4 4.4 6.2 160
T-REx:P138 (2, LAMA-UHN) 5.0 10.0 8.8 0.0 6.9 4.4 4.4 6.2 160
T-REx:P140 (0, original LAMA) 0.6 0.6 1.1 0.0 0.8 0.6 1.1 0.6 473
T-REx:P140 (1) 0.4 0.6 0.9 0.0 0.6 0.4 0.9 0.4 467
T-REx:P140 (2, LAMA-UHN) 0.4 0.6 0.9 0.0 0.6 0.4 0.9 0.4 467
T-REx:P159 (0, original LAMA) 32.4 30.3 48.3 41.8 36.8 34.7 22.3 45.2 967
T-REx:P159 (1) 23.1 31.6 41.9 34.4 28.7 25.6 20.9 37.8 843
T-REx:P159 (2, LAMA-UHN) 23.1 31.6 41.9 34.4 28.7 25.6 20.9 37.8 843
T-REx:P176 (0, original LAMA) 85.6 41.6 74.6 81.8 90.0 87.5 36.6 81.3 982
T-REx:P176 (1) 31.4 42.9 51.8 26.2 51.3 40.8 44.5 57.1 191
T-REx:P176 (2, LAMA-UHN) 31.4 42.9 51.8 26.2 51.3 40.8 44.5 57.1 191
T-REx:P178 (0, original LAMA) 62.8 49.8 66.6 60.1 70.3 70.8 51.2 69.4 592
T-REx:P178 (1) 40.7 42.6 51.6 36.9 52.2 53.6 51.1 57.7 366
T-REx:P178 (2, LAMA-UHN) 40.7 42.6 51.6 36.9 52.2 53.6 51.1 57.7 366
T-REx:P190 (0, original LAMA) 2.4 2.9 2.5 2.6 2.8 2.3 2.3 2.8 995
T-REx:P190 (1) 1.5 2.4 1.6 1.6 2.0 1.7 1.9 2.3 981
T-REx:P190 (2, LAMA-UHN) 1.5 2.4 1.6 1.6 2.0 1.7 1.9 2.3 981
T-REx:P264 (0, original LAMA) 9.6 30.5 33.6 13.3 21.2 8.2 23.1 15.6 429
T-REx:P264 (1) 9.6 30.6 33.4 13.3 21.3 8.2 23.1 15.7 428
T-REx:P264 (2, LAMA-UHN) 9.6 30.6 33.4 13.3 21.3 8.2 23.1 15.7 428
T-REx:P276 (0, original LAMA) 41.5 23.8 47.7 48.4 43.3 43.8 23.1 51.8 959
T-REx:P276 (1) 19.8 26.1 31.7 27.0 20.6 23.4 25.0 36.0 625
T-REx:P276 (2, LAMA-UHN) 19.8 26.1 31.7 27.0 20.6 23.4 25.0 36.0 625
T-REx:P279 (0, original LAMA) 30.7 14.7 30.7 29.4 31.6 33.5 15.5 29.8 963
T-REx:P279 (1) 3.8 8.6 8.0 4.6 5.3 6.8 8.6 10.1 474
T-REx:P279 (2, LAMA-UHN) 3.8 8.6 8.0 4.6 5.3 6.8 8.6 10.1 474
T-REx:P361 (0, original LAMA) 23.6 19.6 23.0 25.8 26.6 27.4 22.3 25.4 932
T-REx:P361 (1) 12.6 17.9 17.7 13.7 15.3 18.5 20.2 22.0 633
T-REx:P361 (2, LAMA-UHN) 12.6 17.9 17.7 13.7 15.3 18.5 20.2 22.0 633
T-REx:P364 (0, original LAMA) 44.5 61.7 64.0 48.0 40.9 51.1 60.6 61.3 856
T-REx:P364 (1) 43.5 61.7 63.5 47.4 40.0 50.7 60.5 61.2 841
T-REx:P364 (2, LAMA-UHN) 43.5 61.7 63.5 47.4 40.0 50.7 60.5 61.2 841
T-REx:P407 (0, original LAMA) 59.2 68.0 68.8 53.8 60.1 62.1 57.9 56.3 877
T-REx:P407 (1) 57.6 69.5 67.9 53.1 58.6 61.0 59.0 55.2 834
T-REx:P407 (2, LAMA-UHN) 57.6 69.5 67.9 53.1 58.6 61.0 59.0 55.2 834
T-REx:P413 (0, original LAMA) 0.5 0.1 0.0 0.0 41.7 4.1 14.0 7.0 952
T-REx:P413 (1) 0.5 0.1 0.0 0.0 41.7 4.1 14.0 7.0 952
T-REx:P413 (2, LAMA-UHN) 0.5 0.1 0.0 0.0 41.7 4.1 14.0 7.0 952
Table 10: Mean Hits@1 and number of questions per LAMA relation (cont’d). 0: original LAMA dataset, 1: after
applying heuristic 1 (string match ﬁlter), 2: after applying both heuristics (LAMA-UHN).