20 Izza, Ignatiev and Marques-Silva
Dataset (#F #S)IAI ITI
D#N %A #P %R %C %m %M %avg D #N %A #P %R %C %m %M %avg
IndiansDiabetes ( 8 768) 6 33 67 17 35 2 20 25 21 21 67 60 34 38 22 20 33 26
adult data ( 12 6061) 6 83 78 42 33 25 20 40 25 17 509 73 255 75 91 10 66 22
anneal ( 38 886) 6 29 99 15 26 16 16 33 21 9 31 100 16 25 4 12 20 16
appendicitis ( 7 106) 2 7 68 4 0 0 — — — 3 7 81 4 50 3 50 66 58
australian ( 14 690) 6 45 61 23 17 8 20 33 23 7 33 82 17 35 51 16 33 26
auto ( 25 202) 6 33 53 17 23 1 16 33 23 10 47 75 24 33 53 14 40 26
backache ( 32 180) 4 17 72 9 33 39 25 33 30 3 9 91 580 87 50 66 54
balance ( 4 625) 6 93 81 47 61 41 25 50 27 12 105 81 53 50 62 25 50 26
bank ( 19 36293) 6113 88 57 5 12 16 20 18 19 1467 86 734 69 64 7 63 27
banknote ( 4 1348) 3 9 67 5 20 0 66 66 66 35 71 54 36 83 2 33 50 43
biodegradation ( 41 1052) 5 19 65 10 30 1 25 50 33 8 71 76 36 50 8 14 40 21
biomed ( 8 209) 3 9 66 5 20 1 50 50 50 8 33 64 17 29 9 25 50 33
breast-cancer ( 9 272) 6 61 74 31 41 13 16 33 20 7 25 70 13 23 33 25 33 30
bupa ( 6 341) 6 47 62 24 29 5 20 33 25 24 49 59 25 64 25 16 50 25
cancer ( 9 449) 6 37 87 19 36 9 20 25 21 5 21 84 11 54 10 25 50 37
car ( 6 1728) 6 43 96 22 86 89 20 80 45 11 57 98 29 65 41 16 50 30
cars ( 8 392) 2 5100 3 0 0 — — — 14 45 87 23 26 1 20 40 26
cleveland-nominal ( 7 187) 6 81 31 41 24 15 16 33 20 7 65 31 33 33 71 16 40 30
cloud ( 7 108) 3 9 31 5 0 0 — — — 10 21 36 11 18 91 25 25 25
colic ( 22 357) 6 55 81 28 46 6 16 33 20 4 17 80 9 33 27 25 25 25
compas ( 11 1155) 6 77 34 39 17 8 16 20 17 15 183 37 92 66 43 12 60 27
contraceptive ( 9 1425) 6 99 49 50 8 2 20 60 37 17 385 48 193 27 32 12 66 21
corral ( 6 64) 6 19 92 10 80 50 20 66 42 4 13 100 771 50 33 50 40
dermatology ( 34 366) 6 33 90 17 23 3 16 33 21 7 17 95 9 22 0 14 20 17
divorce ( 54 150) 5 15 90 8 50 19 20 33 24 2 5 96 333 16 50 50 50
ecoli ( 7 327) 6 45 75 23 4 5 20 20 20 53 109 59 55 25 19 20 66 36
german data ( 21 1000) 6 25 61 13 38 10 20 40 29 10 99 72 50 46 13 12 40 22
glass ( 9 204) 6 35 53 18 0 0 — — — 27 65 48 33 12 3 25 33 27
glass2 ( 9 162) 3 11 66 6 0 0 — — — 7 15 51 875 96 20 60 41
haberman ( 3 289) 6 55 58 28 14 4 33 33 33 12 35 74 18 44 21 33 50 39
hayes-roth ( 4 93) 6 23 78 12 25 32 50 66 61 6 17 78 922 32 50 66 58
heart-c ( 13 302) 6 43 65 22 36 18 20 33 22 4 15 75 8 87 81 25 50 34
heart-h ( 13 293) 6 37 59 19 31 4 20 40 24 8 25 77 13 61 60 20 50 32
heart-statlog ( 13 270) 6 33 55 17 29 5 20 33 30 4 13 81 7 71 31 25 50 3 5
hepatitis ( 19 155) 5 17 77 9 33 6 20 33 24 3 11 80 633 14 33 33 33
house-votes-84 ( 16 298) 6 49 91 25 68 67 16 50 27 3 9 90 5 80 75 33 50 41
hungarian ( 13 293) 6 33 69 17 29 2 25 40 31 4 19 77 10 40 30 33 33 33
ionosphere ( 34 350) 4 9 70 5 60 3 33 50 38 5 17 80 9 33 0 33 60 47
iris ( 4 149) 5 23 90 12 41 25 25 33 30 10 21 63 11 36 13 50 50 50
irish ( 5 470) 4 13 97 7 71 54 33 50 36 3 7 100 4 0 0 — — —
kr-vs-kp ( 36 3196) 6 49 96 25 80 75 16 60 33 13 67 99 34 79 43 7 70 35
lending data ( 9 5082) 6 45 73 23 73 80 16 50 25 14 507 65 254 69 80 12 75 25
letter ( 16 18668) 6127 58 64 1 0 20 20 20 46 4857 68 2429 6 7 6 25 9
lupus ( 3 87) 2 7 44 4 0 0 — — — 1 3 61 2 100 100 100 100 100
lymphography ( 18 148) 6 61 76 31 35 25 16 33 21 6 21 86 11 9 0 16 16 16
messidor ( 19 1146) 3 7 50 4 50 1 50 66 58 22 107 52 54 88 99 10 57 28
meteo ( 4 14) 5 13 33 7 42 33 33 50 38 1 3 33 2 0 0 — — —
molecular-biology promoters ( 58 106) 6 17 86 9 33 19 16 33 23 3 9 81 5 20 14 33 33 33
monk1 ( 6 124) 4 17 100 9 66 41 25 50 36 5 13 92 757 41 20 40 29
monk2 ( 6 169) 6 67 82 34 64 49 16 66 32 5 25 50 13 23 20 25 33 30
monk3 ( 6 122) 6 35 80 18 61 36 20 60 37 2 5 92 333 16 50 50 50
mortality (118 13442) 6 111 74 56 8 14 16 20 17 26 865 76 433 61 61 7 54 19
mouse ( 5 57) 3 9 83 5 20 0 33 33 33 2 5 75 3 0 0 — — —
mushroom ( 22 8124) 6 39 100 20 80 44 16 33 24 5 23 100 12 50 31 20 40 2 5
mux6 ( 6 64) 6 55 61 28 85 78 20 50 37 4 15 46 837 31 25 33 30
new-thyroid ( 5 215) 3 11 95 6 33 4 33 33 33 14 29 79 15 26 5 20 50 30
pendigits ( 16 10992) 6121 88 61 0 0 — — — 38 937 85 469 25 86 6 25 11
postoperative-patient-data ( 8 78) 6 43 50 22 59 44 16 50 25 6 15 56 8 75 25 16 50 36
primary-tumor ( 15 228) 6 55 71 28 35 21 16 33 21 6 21 82 11 54 31 16 50 31
promoters ( 58 106) 1 3 90 2 0 0 — — — 3 9 81 5 20 14 33 33 33
recidivism data ( 15 3998) 6105 61 53 28 22 16 33 18 15 611 51 306 53 38 9 44 16
schizo ( 14 340) 6 17 55 9 55 5 50 66 58 13 51 52 26 30 64 20 25 21
segmentation ( 19 210) 4 15 38 8 0 0 — — — 27 57 23 29 48 2 11 71 39
seismic bumps ( 18 2578) 6 37 89 19 42 19 20 33 24 8 39 93 20 60 79 20 60 42
shuttle ( 9 58000) 6 63 99 32 28 7 20 33 23 23 159 99 80 33 9 14 50 30
soybean ( 35 623) 6 63 88 32 9 5 25 25 25 16 71 89 36 22 1 9 12 10
spambase ( 57 4210) 6 63 75 32 37 12 16 33 19 15 143 91 72 76 98 7 58 25
spect ( 22 228) 6 45 82 23 60 51 20 50 35 6 15 86 8 87 98 50 83 65
splice ( 2 3178) 3 7 50 4 0 0 — — — 88 177 55 89 0 0 — — —
student-mat ( 32 395) 6 109 35 55 9 3 20 25 21 22 177 25 89 6 6 11 20 15
student-por ( 32 649) 6119 30 60 1 0 20 20 20 22 259 26 130 9 5 7 20 10
tae ( 5 110) 6 43 40 22 9 6 25 33 29 8 23 36 12 41 21 25 40 31
titanic ( 3 24) 2 5 40 3 33 25 50 50 50 2 5 20 3 0 0 — — —
tram 2000 side 16x16 (256 2000) 1 3 100 2 0 0 — — — 1 3 100 2 0 0 — — —
ucimammo data ( 13 126) 6 53 11 27 51 43 16 40 24 9 23 38 12 66 25 25 55 39
vehicle ( 18 846) 6 79 49 40 10 0 16 20 19 24 141 58 71 45 54 9 41 23
wdbc ( 30 569) 2 7 87 4 0 0 — — — 57 115 61 58 94 10 14 73 49
wpbc ( 33 198) 2 5 57 3 33 0 50 50 50 2 5 72 3 100 100 100 100 100
yeast ( 9 1462) 6 45 49 23 4 0 25 25 25 64 493 37 247 14 0 11 25 16
zoo ( 16 59) 6 23 91 12 33 7 16 33 21 6 13 83 7 0 0 — — —
Table 2: Explanation-redundancy in decision trees obtaine d with IAI and ITI.