6
Section Year MethodBaseline
Top-1
Acc.(%)Pruned
Top-1
Acc.(%)Top-1
Acc.↓(%)Baseline
FLOPs
(M)Pruned
FLOPs
(M)FLOPs
↓(%)Baseline
Params
(M)Pruned
Params
(M)Params
↓(%)
ResNet-20
2.6.2 2020 DSA [79] 92.17 90.24 -1.93 40.81 13.26 67.50 0.27 - -
2.7.3 2022 SOKS [54] 92.05 90.78 -1.27 40.81 15.49 62.04 0.27 0.14 48.15
2.3.2 2020 SCOP [80] 92.22 90.75 -1.47 40.81 18.08 55.70 0.27 0.12 56.30
2.7.2 2020 Hinge [66] 92.54 91.84 -0.70 40.81 18.57 54.50 0.27 0.12 55.45
2.5.2 2021 ManiDP [81] 92.22 92.05 -0.17 40.81 18.69 54.20 0.27 - -
2.2.1 2021 LRMF [68] 92.20 90.47 -1.73 40.81 18.77 54.00 0.27 - -
2.1.2 2019 FPGM [82] 92.20 91.99 -0.21 40.81 18.77 54.00 0.27 - -
2.5.2 2021 DDG [83] 92.24 91.90 -0.34 40.81 19.43 52.40 0.27 - -
2.6.2 2022 DAIS [84] 93.25 92.89 -0.36 40.81 19.96 51.10 0.27 - -
2.6.1 2022 GNN-RL [85] 91.73 91.31 -0.42 40.81 20.00 51.00 0.27 - -
2.2.1 2022 GCNP [52] 92.25 91.58 -0.67 40.81 20.18 50.54 0.27 0.17 38.51
2.6.2 2020 DSA [79] 92.17 91.38 -0.79 40.81 20.28 50.30 0.27 - -
2.6.1 2021 AGMC [86] 91.73 91.42 -0.31 40.81 20.41 50.00 0.27 - -
2.3.2 2021 ABP [39] 92.15 91.03 -1.12 40.81 21.34 47.70 0.27 0.15 45.10
2.1.2 2021 SRR [87] 92.27 92.48 0.21 40.81 22.12 45.80 0.27 - -
2.2.3 2020 PFP [37] 91.40 90.91 -0.49 40.81 22.26 45.46 0.27 0.10 62.67
2.6.2 2019 TAS [88] 92.88 92.88 0.00 40.81 22.45 45.00 0.27 - -
2.7.3 2022 GKP-TMI [89] 92.35 92.01 -0.34 40.81 23.30 42.90 0.27 0.15 43.40
2.5.2 2021 DDG [83] 92.24 92.27 0.03 40.81 23.38 42.70 0.27 - -
2.5.1 2018 SFP [90] 92.20 90.83 -1.37 40.81 23.59 42.20 0.27 - -
2.2.1 2021 LRMF [68] 92.20 91.04 -1.16 40.81 23.59 42.20 0.27 - -
2.7.3 2022 SOKS [54] 92.05 91.83 -0.22 40.81 23.63 42.09 0.27 0.16 40.74
2.2.1 2022 GCNP [52] 92.25 92.22 -0.03 40.81 28.38 30.47 0.27 0.20 27.42
2.5.1 2018 SFP [90] 92.20 91.20 -1.00 40.81 28.85 29.30 0.27 - -
2.6.2 2020 DSA [79] 92.17 92.10 -0.07 40.81 30.20 26.00 0.27 - -
2.4.2 2019 VP [65] 92.01 91.66 -0.35 40.81 34.39 15.73 0.27 0.22 19.05
ResNet-32
2.4.1 2019 ED [72] 95.30 93.05 -2.25 69.12 3.64 94.74 0.47 0.02 96.05
2.4.1 2019 ED [72] 95.30 95.17 -0.13 69.12 20.56 70.25 0.47 0.13 71.99
2.4.1 2022 SOSP [75] 95.30 95.22 -0.08 69.12 22.22 67.85 0.47 0.13 72.85
2.4.1 2022 SOSP [75] 95.30 95.06 -0.24 69.12 22.56 67.36 0.47 0.13 72.33
2.5.2 2021 ManiDP [81] 92.66 92.15 -0.51 69.12 25.44 63.20 0.47 - -
2.3.2 2020 SCOP [80] 92.66 92.13 -0.53 69.12 30.55 55.80 0.47 0.21 56.20
2.7.3 2022 SOKS [54] 92.82 92.02 -0.80 69.12 31.39 54.58 0.47 0.21 54.35
2.5.2 2021 DDG [83] 93.22 92.96 -0.26 69.12 31.52 54.40 0.47 - -
2.6.2 2022 DAIS [84] 92.92 93.49 0.57 69.12 31.86 53.90 0.47 - -
2.1.2 2019 COP [51] 92.64 91.97 -0.67 69.12 31.86 53.90 0.47 0.20 57.50
2.6.2 2022 MFP [91] 92.63 91.85 -0.78 69.12 32.35 53.20 0.47 - -
2.2.1 2021 LRMF [68] 92.63 92.08 -0.55 69.12 32.35 53.20 0.47 - -
2.2.1 2021 LRMF [68] 92.63 92.08 -0.55 69.12 32.35 53.20 0.47 - -
2.1.2 2019 FPGM [82] 92.63 92.82 0.19 69.12 32.35 53.20 0.47 - -
2.6.2 2020 LFPC [92] 92.63 92.12 -0.51 69.12 32.76 52.60 0.47 - -
2.6.1 2022 GNN-RL [85] 92.63 92.58 -0.05 69.12 33.87 51.00 0.47 - -
2.5.1 2021 DCP-CAC [76] 92.36 92.21 -0.15 69.12 34.49 50.10 0.47 0.25 47.83
2.6.1 2021 AGMC [86] 92.63 90.96 -1.67 69.12 34.56 50.00 0.47 - -
2.6.2 2019 TAS [88] 93.89 93.16 -0.73 69.12 34.97 49.40 0.47 - -
2.7.3 2022 SOKS [54] 92.82 92.44 -0.38 69.12 36.74 46.85 0.47 0.27 43.48
2.3.2 2021 ABP [39] 92.63 92.55 -0.08 69.12 37.12 46.30 0.47 0.27 43.60
2.5.2 2021 DDG [83] 93.22 93.21 -0.01 69.12 39.12 43.40 0.47 - -
2.7.3 2022 GKP-TMI [89] 92.82 93.04 0.22 69.12 39.33 43.10 0.47 0.27 43.40
2.5.1 2018 SFP [90] 92.63 90.08 -2.55 69.12 40.44 41.50 0.47 - -
2.5.1 2021 DCP-CAC [76] 92.36 92.85 0.49 69.12 48.35 30.04 0.47 0.35 26.09
2.5.1 2018 SFP [90] 92.63 90.63 -2.00 69.12 49.21 28.80 0.47 - -
ResNet-44
2.5.1 2021 DCP-CAC [76] 92.45 92.42 -0.03 97.15 48.54 50.04 0.66 0.35 47.69
2.6.1 2021 AGMC [86] 93.10 92.28 -0.82 97.15 48.58 50.00 0.66 - -
2.5.1 2021 DCP-CAC [76] 92.45 93.26 0.81 97.15 67.98 30.03 0.66 0.46 30.77
TABLE 5: ResNet-20/32/44 on CIFAR-10.