4
Section Year MethodBaseline
Top-1
Acc.(%)Pruned
Top-1
Acc.(%)Top-1
Acc.↓(%)Baseline
FLOPs
(M)Pruned
FLOPs
(M)FLOPs
↓(%)Baseline
Params
(M)Pruned
Params
(M)Params
↓(%)
VGG-16
2.6.1 2020 AutoCompress [34] 93.70 93.21 -0.49 314.59 35.75 88.64 14.73 - -
2.6.1 2022 DECORE [35] 93.96 91.68 -2.28 314.59 36.95 88.25 14.73 0.26 98.26
2.4.3 2022 StructADMM [36] - 93.10 - 314.59 37.90 87.95 14.73 - -
2.2.3 2020 PFP [37] 92.89 92.39 -0.50 314.59 47.09 85.03 14.73 0.84 94.32
2.3.3 2021 OTO [38] 91.60 91.00 -0.60 314.59 51.28 83.70 14.73 0.37 97.50
2.6.1 2022 DECORE [35] 93.96 92.44 -1.52 314.59 51.34 83.68 14.73 0.50 96.60
2.3.2 2021 ABP [39] 93.96 92.65 -1.31 314.59 52.81 83.21 14.73 1.50 89.79
2.7.2 2021 EDP [40] 93.60 93.52 -0.08 314.59 62.57 80.11 14.73 0.65 95.59
2.6.1 2022 RL-MCTS [41] 93.51 93.72 0.21 314.59 63.23 79.90 14.73 - -
2.2.1 2021 CHIP [42] 93.96 93.18 -0.78 314.59 67.32 78.60 14.73 1.87 87.30
2.4.2 2018 VIBNet [43] - 91.50 - 314.59 70.99 77.43 14.73 0.78 94.70
2.2.3 2022 DLRFC [44] 93.25 93.64 -0.39 314.59 72.51 76.95 14.73 0.83 94.38
2.2.1 2020 HRank [45] 93.96 91.23 -2.73 314.59 73.90 76.51 14.73 1.75 88.12
2.3.2 2022 WhiteBox [46] 93.02 93.47 0.45 314.59 74.24 76.40 14.73 - -
2.1.2 2022 EPruner [47] 93.02 93.08 0.06 314.59 74.42 76.34 14.73 1.65 88.80
2.2.2 2019 AOFP [48] 93.38 93.28 -0.10 314.59 77.39 75.40 14.73 - -
2.1.2 2022 CLR-RNF [49] 93.02 93.32 0.30 314.59 81.48 74.10 14.73 0.74 95.00
2.6.3 2020 ABCPruner [50] 93.02 93.08 0.06 314.59 82.81 73.68 14.73 1.67 88.66
2.1.2 2019 COP [51] 93.56 93.31 -0.25 314.59 83.37 73.50 14.73 1.06 92.80
2.3.3 2021 OTO [38] 93.20 93.30 0.10 314.59 84.31 73.20 14.73 0.81 94.50
2.2.1 2022 GCNP [52] 93.10 93.08 -0.02 314.59 84.72 73.07 14.73 1.02 93.06
2.5.2 2022 FTWT [53] 93.82 93.19 -0.63 314.59 84.94 73.00 14.73 - -
2.4.2 2018 VIBNet [43] - 93.90 - 314.59 87.26 72.26 14.73 0.80 94.55
2.7.3 2022 SOKS [54] 93.53 94.01 0.48 314.59 87.46 72.20 14.73 3.19 78.33
2.4.2 2019 RBP [55] - 91.00 - 314.59 89.88 71.43 14.73 - -
2.7.3 2020 SWP [56] 93.25 93.65 0.40 314.59 90.73 71.16 14.73 1.08 92.66
2.3.2 2021 GDP-Guo [57] 93.89 93.99 0.10 314.59 96.11 69.45 14.73 - -
2.2.1 2021 CHIP [42] 93.96 93.72 -0.24 314.59 105.07 66.60 14.73 2.46 83.30
2.3.1 2020 SCP [58] 93.85 93.79 0.06 314.59 106.24 66.23 14.73 1.02 93.05
2.3.2 2021 ABP [39] 93.96 93.50 -0.46 314.59 106.59 66.12 14.73 2.66 81.96
2.2.2 2019 AOFP [48] 93.38 93.47 0.09 314.59 108.55 65.50 14.73 - -
2.2.1 2020 HRank [45] 93.96 92.34 -1.62 314.59 108.91 65.38 14.73 2.60 82.38
2.5.2 2022 FTWT [53] 93.82 93.55 -0.27 314.59 110.11 65.00 14.73 - -
2.6.1 2022 DECORE [35] 93.96 93.56 -0.40 314.59 110.81 64.78 14.73 1.63 88.92
2.6.3 2022 CCEP [59] 93.71 93.52 -0.19 314.59 115.77 63.20 14.73 - -
2.4.2 2018 VIBNet [43] - 94.20 - 314.59 116.59 62.94 14.73 0.85 94.21
2.2.3 2022 DLRFC [44] 93.25 93.93 -0.68 314.59 121.97 61.23 14.73 1.05 92.86
2.7.2 2021 CC [60] 93.70 94.09 0.39 314.59 123.62 60.70 14.73 4.02 72.69
2.7.3 2022 SOKS [54] 93.53 94.11 0.58 314.59 124.23 60.51 14.73 4.50 69.47
2.2.2 2019 AOFP [48] 93.38 93.84 0.46 314.59 124.63 60.38 14.73 - -
2.2.1 2021 CHIP [42] 93.96 93.86 -0.10 314.59 131.81 58.10 14.73 2.71 81.60
2.2.1 2022 GCNP [52] 93.10 93.27 0.17 314.59 134.36 57.29 14.73 2.14 85.50
2.6.2 2021 EE [61] 93.36 93.63 0.27 314.59 136.53 56.60 14.73 - -
2.5.2 2022 FTWT [53] 93.82 93.73 -0.09 314.59 138.42 56.00 14.73 - -
2.3.1 2020 PR [62] 93.88 93.92 -0.04 314.59 144.71 54.00 14.73 - -
2.2.1 2020 HRank [45] 93.96 93.43 -0.53 314.59 146.01 53.59 14.73 2.47 83.24
2.3.2 2021 ABP [39] 93.96 93.75 -0.21 314.59 146.19 53.53 14.73 2.44 83.46
2.7.2 2021 CC [60] 93.70 94.15 0.45 314.59 154.78 50.80 14.73 5.02 65.90
2.6.1 2022 RL-MCTS [41] 93.51 93.90 0.39 314.59 171.45 45.50 14.73 - -
2.3.2 2019 GAL [63] 93.96 90.78 -3.18 314.59 172.36 45.21 14.73 2.63 82.18
2.3.2 2019 GAL [63] 93.96 93.42 -0.54 314.59 172.36 45.21 14.73 2.63 82.18
2.7.1 2020 EB [64] - 92.49 - 314.59 174.77 44.44 14.73 4.42 70.00
2.2.2 2019 AOFP [48] 93.38 94.03 0.65 314.59 186.94 40.58 14.73 - -
2.3.2 2019 GAL [63] 93.96 93.77 -0.19 314.59 190.01 39.60 14.73 3.30 77.57
2.3.2 2019 GAL [63] 93.96 92.03 -1.93 314.59 190.01 39.60 14.73 3.30 77.57
2.4.2 2019 VP [65] 93.25 93.18 -0.07 314.59 190.97 39.30 14.73 3.93 73.35
2.7.2 2020 Hinge [66] 94.02 93.59 -0.43 314.59 191.68 39.07 14.73 2.94 80.05
2.7.3 2019 SDN [67] 93.50 93.47 -0.03 314.59 192.21 38.90 14.73 1.78 87.90
2.2.1 2021 LRMF [68] 93.58 93.70 0.12 314.59 201.65 35.90 14.73 - -
2.2.1 2021 LRMF [68] 93.58 93.20 -0.38 314.59 201.65 35.90 14.73 - -
2.6.1 2022 DECORE [35] 93.96 94.02 0.06 314.59 203.64 35.27 14.73 5.45 63.02
2.1.1 2017 PFEC [69] 93.25 93.40 0.15 314.59 207.05 34.19 14.73 5.30 64.00
2.2.2 2019 AOFP [48] 93.38 93.81 0.43 314.59 216.09 31.31 14.73 - -
2.7.1 2020 EB [64] - 93.90 - 314.59 224.71 28.57 14.73 7.37 50.00
2.7.1 2020 EB [64] - 93.91 - 314.59 262.16 16.67 14.73 10.31 30.00
2.7.1 2022 EarlyCroP [70] 90.20 93.00 2.80 314.59 - - 14.73 0.29 98.00
2.7.3 2022 DPP [71] 93.50 93.60 0.10 314.59 - - 14.73 1.58 89.27
TABLE 3: VGG-16 on CIFAR-10.