11
Section Year MethodBaseline
Top-1
Acc.(%)Pruned
Top-1
Acc.(%)Top-1
Acc.↓(%)Baseline
FLOPs
(M)Pruned
FLOPs
(M)FLOPs
↓(%)Baseline
Params
(M)Pruned
Params
(M)Params
↓(%)
DenseNet-40
2.3.2 2019 GAL [63] 94.81 93.23 -1.58 283.00 80.91 71.41 1.04 0.26 75.00
2.3.2 2019 GAL [63] 94.81 91.90 -2.91 283.00 80.91 71.41 1.04 0.26 75.00
2.3.1 2020 SCP [58] 94.39 93.77 0.62 283.00 82.72 70.77 1.04 0.26 75.41
2.2.1 2020 HRank [45] 94.81 93.68 -1.13 283.00 110.54 60.94 1.04 0.48 53.85
2.7.2 2021 CC [60] 94.81 94.40 -0.41 283.00 112.00 60.42 1.04 0.37 64.42
2.4.3 2019 C-SGD [96] 93.81 94.44 0.63 283.00 113.06 60.05 1.04 - -
2.3.1 2017 NS [77] 93.89 94.35 0.46 283.00 127.43 54.97 1.04 0.36 65.69
2.3.2 2019 GAL [63] 94.81 94.50 -0.31 283.00 128.15 54.72 1.04 0.45 56.73
2.3.2 2019 GAL [63] 94.81 93.53 -1.28 283.00 128.15 54.72 1.04 0.45 56.73
2.6.1 2022 DECORE [35] 94.81 94.04 -0.77 283.00 128.17 54.71 1.04 0.37 64.42
2.7.2 2021 CC [60] 94.81 94.67 -0.14 283.00 150.00 47.00 1.04 0.50 51.92
2.4.2 2019 VP [65] 94.11 93.16 -0.95 283.00 156.55 44.68 1.04 0.42 59.62
2.7.2 2020 Hinge [66] 94.74 94.67 -0.07 283.00 157.35 44.40 1.04 0.75 27.54
2.2.1 2020 HRank [45] 94.81 94.24 -0.57 283.00 168.00 40.63 1.04 0.66 36.54
2.6.1 2022 DECORE [35] 94.81 94.59 -0.22 283.00 171.41 39.43 1.04 0.56 46.15
2.3.2 2019 GAL [63] 94.81 94.61 -0.20 283.00 182.97 35.35 1.04 0.67 35.58
2.3.2 2019 GAL [63] 94.81 94.29 -0.52 283.00 182.97 35.35 1.04 0.67 35.58
2.3.1 2017 NS [77] 93.89 94.81 0.92 283.00 202.29 28.52 1.04 0.67 35.29
2.4.1 2022 SOSP [75] 94.58 94.41 -0.17 283.00 209.02 26.14 1.04 0.68 34.78
2.4.1 2022 SOSP [75] 94.58 94.42 -0.16 283.00 220.66 22.03 1.04 0.71 32.21
2.6.1 2022 DECORE [35] 94.81 94.85 0.04 283.00 229.02 19.07 1.04 0.83 20.19
GoogLeNet
2.6.1 2022 DECORE [35] 95.05 94.33 -0.72 1535.00 232.27 84.87 6.17 0.86 86.02
2.6.1 2022 DECORE [35] 95.05 94.51 -0.54 1535.00 333.26 78.29 6.17 1.17 80.98
2.2.1 2020 HRank [45] 95.05 94.07 -0.98 1535.00 454.44 70.39 6.17 1.87 69.76
2.1.2 2022 CLR-RNF [49] 95.03 94.85 -0.18 1535.00 492.73 67.90 6.17 2.18 64.70
2.1.2 2022 EPruner [47] 95.05 94.99 -0.06 1535.00 501.02 67.36 6.17 2.22 64.02
2.6.3 2020 ABCPruner [50] 95.05 94.84 -0.21 1535.00 513.34 66.56 6.17 2.46 60.13
2.7.2 2021 CC [60] 95.05 94.88 -0.17 1535.00 616.02 59.87 6.17 2.27 63.25
2.2.1 2020 HRank [45] 95.05 94.53 -0.52 1535.00 696.81 54.61 6.17 2.75 55.45
2.7.2 2021 CC [60] 95.05 95.18 0.13 1535.00 767.50 50.00 6.17 2.84 53.98
2.3.2 2019 GAL [63] 95.05 93.93 -1.12 1535.00 949.28 38.16 6.17 3.13 49.27
2.3.2 2019 GAL [63] 95.05 94.56 -0.49 1535.00 949.28 38.16 6.17 3.13 49.27
2.6.1 2022 DECORE [35] 95.05 95.20 0.15 1535.00 1232.04 19.74 6.17 4.75 23.09
PreResNet-29
2.4.1 2019 ED [72] 94.42 89.10 -5.32 41.28 3.85 90.67 0.27 0.02 93.45
2.4.1 2019 ED [72] 94.42 93.80 -0.62 41.28 15.22 63.13 0.27 0.08 70.09
PreResNet-101
2.7.1 2020 EB [64] - 92.49 - 7595.00 3452.27 54.55 44.54 13.36 70.00
2.7.1 2020 EB [64] - 93.90 - 7595.00 5425.00 28.57 44.54 22.27 50.00
2.7.1 2020 EB [64] - 93.91 - 7595.00 6904.55 9.09 44.54 31.18 30.00
ResNeXt-20
2.7.2 2020 Hinge [66] 92.54 91.96 -0.58 36.00 21.24 41.00 0.21 0.13 36.05
ResNeXt-164
2.7.2 2020 Hinge [66] 95.18 94.87 -0.31 210.00 93.28 55.58 1.70 0.86 49.47
NAS
2.6.2 2022 ReCNAS [112] - 97.48 - - 300 - - 4.10 -
2.6.2 2022 ReCNAS [112] - 97.71 - - 500 - - 5.20 -
TABLE 10: Other models on CIFAR-10, including DenseNet-40, GoogLeNet, PreResNet-29/101, ResNeXt-20/164, and
models searched by Neural Architecture Search (NAS).