9
Section Year MethodBaseline
Top-1
Acc.(%)Pruned
Top-1
Acc.(%)Top-1
Acc.↓(%)Baseline
FLOPs
(M)Pruned
FLOPs
(M)FLOPs
↓(%)Baseline
Params
(M)Pruned
Params
(M)Params
↓(%)
ResNet-110
2.2.3 2020 PFP [37] 93.57 93.21 -0.36 253.15 25.92 89.76 1.73 0.14 92.07
2.6.1 2022 DECORE [35] 93.50 92.71 -0.79 253.15 58.43 76.92 1.73 0.35 79.65
2.2.1 2021 CHIP [42] 93.50 93.63 0.13 253.15 71.89 71.60 1.73 0.55 68.30
2.2.1 2020 HRank [45] 93.50 92.65 -0.85 253.15 79.38 68.64 1.73 0.53 69.19
2.5.2 2021 DDG [83] 94.25 93.87 -0.38 253.15 83.03 67.20 1.73 - -
2.6.3 2022 CCEP [59] 93.68 93.46 -0.22 253.15 83.31 67.09 1.73 - -
2.3.2 2022 WhiteBox [46] 93.50 94.12 0.62 253.15 86.07 66.00 1.73 - -
2.1.2 2022 CLR-RNF [49] 93.57 93.71 0.14 253.15 86.07 66.00 1.73 0.53 69.10
2.1.2 2022 EPruner [47] 93.50 93.62 0.12 253.15 86.31 65.91 1.73 0.41 76.30
2.6.3 2020 ABCPruner [50] 93.50 93.58 0.08 253.15 88.49 65.04 1.73 0.56 67.63
2.2.1 2021 LRMF [68] 93.68 93.61 -0.07 253.15 94.17 62.80 1.73 - -
2.6.2 2022 MFP [91] 93.68 93.38 -0.30 253.15 94.17 62.80 1.73 - -
2.6.1 2022 DECORE [35] 93.50 93.50 0.00 253.15 96.76 61.78 1.73 0.61 64.53
2.4.3 2019 C-SGD [96] 94.38 94.44 0.06 253.15 99.01 60.89 1.73 - -
2.6.2 2020 LFPC [92] 93.68 93.07 -0.61 253.15 100.50 60.30 1.73 - -
2.6.2 2020 LFPC [92] 93.68 93.79 0.11 253.15 100.50 60.30 1.73 - -
2.6.2 2022 DAIS [84] 95.62 95.02 -0.60 253.15 101.26 60.00 1.73 - -
2.3.2 2021 ResRep [93] 94.64 94.62 0.02 253.15 105.79 58.21 1.73 - -
2.5.2 2021 DDG [83] 94.25 94.33 0.08 253.15 111.13 56.10 1.73 - -
2.6.2 2022 MFP [91] 93.68 93.31 -0.37 253.15 120.75 52.30 1.73 - -
2.6.2 2022 MFP [91] 93.68 93.69 0.01 253.15 120.75 52.30 1.73 - -
2.6.2 2019 TAS [88] 94.97 94.33 -0.64 253.15 120.75 52.30 1.73 - -
2.2.1 2021 LRMF [68] 93.68 93.88 0.20 253.15 120.75 52.30 1.73 - -
2.1.2 2019 FPGM [82] 93.68 93.85 0.17 253.15 120.75 52.30 1.73 - -
2.2.1 2021 LRMF [68] 93.68 93.73 0.05 253.15 120.75 52.30 1.73 - -
2.2.1 2021 CHIP [42] 93.50 94.44 0.94 253.15 121.26 52.10 1.73 0.89 48.30
2.6.1 2022 GNN-RL [85] 93.68 94.31 0.63 253.15 121.51 52.00 1.73 - -
2.5.1 2021 DCP-CAC [76] 93.38 93.86 0.48 253.15 126.52 50.02 1.73 0.89 48.84
2.6.1 2021 AGMC [86] 93.68 93.08 -0.60 253.15 126.58 50.00 1.73 - -
2.3.2 2019 GAL [63] 93.50 92.74 -0.76 253.15 130.33 48.52 1.73 0.96 44.77
2.3.2 2019 GAL [63] 93.50 92.55 -0.95 253.15 130.33 48.52 1.73 0.96 44.77
2.3.2 2021 ABP [39] 93.63 93.95 0.32 253.15 136.19 46.20 1.73 0.95 44.90
2.2.3 2018 NISP [106] - - 0.18 253.15 142.32 43.78 1.73 0.98 43.25
2.7.3 2022 GKP-TMI [89] 94.26 94.90 0.64 253.15 143.51 43.31 1.73 0.98 43.52
2.2.1 2020 HRank [45] 93.50 94.23 0.73 253.15 148.85 41.20 1.73 1.05 39.53
2.5.1 2018 SFP [90] 93.68 93.38 -0.30 253.15 149.86 40.80 1.73 - -
2.5.1 2018 SFP [90] 93.68 93.86 0.18 253.15 149.86 40.80 1.73 - -
2.1.1 2017 PFEC [69] 93.53 93.30 -0.23 253.15 155.43 38.60 1.73 1.17 32.40
2.4.2 2019 VP [65] 93.21 92.96 -0.25 253.15 160.61 36.56 1.73 1.02 41.07
2.6.1 2022 DECORE [35] 93.50 93.88 0.38 253.15 163.47 35.43 1.73 1.12 35.47
2.5.1 2021 DCP-CAC [76] 93.38 94.11 0.73 253.15 176.97 30.09 1.73 1.23 29.07
2.5.1 2018 SFP [90] 93.68 93.93 0.25 253.15 181.76 28.20 1.73 - -
2.3.2 2019 GAL [63] 93.50 93.59 0.09 253.15 205.91 18.66 1.73 1.66 4.07
2.3.2 2019 GAL [63] 93.50 92.55 -0.95 253.15 205.91 18.66 1.73 1.66 4.07
2.1.1 2017 PFEC [69] 93.53 93.55 0.02 253.15 213.13 15.81 1.73 1.69 2.33
ResNet-164
2.4.3 2019 C-SGD [96] 94.83 94.75 -0.08 247.65 96.81 60.91 1.70 - -
2.7.2 2020 Hinge [66] 95.18 94.60 -0.58 247.65 110.01 55.58 1.70 0.86 49.47
2.4.2 2019 VP [65] 93.58 93.16 -0.42 247.65 126.21 49.04 1.70 0.74 56.55
2.3.1 2017 NS [77] 94.58 94.73 0.15 247.65 136.48 44.89 1.70 1.10 35.29
2.6.2 2019 TAS [88] 95.47 94.00 -1.47 247.65 178.06 28.10 1.70 - -
2.3.1 2017 NS [77] 94.58 94.92 0.34 247.65 189.09 23.65 1.70 1.44 15.29
TABLE 7: ResNet-110/164 on CIFAR-10.