19
Section Year MethodBaseline
Top-1
Acc.(%)Pruned
Top-1
Acc.(%)Top-1
Acc.↓(%)Baseline
FLOPs
(M)Pruned
FLOPs
(M)FLOPs
↓(%)Baseline
Params
(M)Pruned
Params
(M)Params
↓(%)
ResNet-50
2.6.2 2020 DMCP [121] 76.60 66.40 -10.00 4089.00 277.25 93.22 25.56 - -
2.7.3 2021 JMDP [126] 76.60 73.50 -3.10 4089.00 897.59 78.05 25.56 - -
2.5.1 2022 SMCP [127] 77.20 74.40 -2.80 4089.00 897.59 78.05 25.56 - -
2.1.2 2022 CLR-RNF [49] 76.01 71.11 -4.90 4089.00 925.25 77.37 25.56 6.90 73.00
2.2.1 2021 CHIP [42] 76.15 73.30 -2.85 4089.00 952.74 76.70 25.56 8.03 68.60
2.2.1 2020 HRank [45] 76.15 69.10 -7.05 4089.00 979.76 76.04 25.56 8.29 67.57
2.5.1 2022 SMCP [127] 76.20 74.60 -1.60 4089.00 997.32 75.61 25.56 - -
2.5.1 2022 CHEX [123] - 76.00 - 4089.00 997.32 75.61 25.56 - -
2.3.1 2020 EagleEye [101] - 74.20 - 4089.00 997.32 75.61 25.56 - -
2.6.3 2019 MetaPruning [128] 76.60 73.40 -3.20 4089.00 997.32 75.61 25.56 - -
2.6.2 2022 PaS [129] 74.68 74.80 0.12 4089.00 997.32 75.61 25.56 - -
2.4.1 2021 GFP [130] 76.79 73.94 -2.85 4089.00 1020.00 75.06 25.56 - -
2.6.2 2022 DNCP [109] 76.60 74.30 -2.30 4089.00 1097.05 73.17 25.56 - -
2.6.2 2020 DMCP [121] 76.60 74.40 -2.20 4089.00 1097.05 73.17 25.56 - -
2.3.2 2019 GAL [63] 76.15 69.31 -6.84 4089.00 1109.73 72.86 25.56 10.22 60.00
2.2.2 2017 ThiNet [115] 72.88 68.42 -4.46 4089.00 1165.26 71.50 25.56 8.68 66.04
2.6.1 2022 DECORE [35] 76.15 69.71 -6.44 4089.00 1189.71 70.90 25.56 6.13 76.00
2.1.2 2022 CLR-RNF [49] 76.01 73.34 -2.67 4089.00 1223.72 70.07 25.56 9.00 64.79
2.1.2 2022 CLR-RNF [49] 76.01 72.67 -3.34 4089.00 1223.72 70.07 25.56 9.00 64.79
2.7.1 2020 EB [64] 75.99 70.16 -5.83 4089.00 1282.37 68.64 25.56 7.67 70.00
2.5.2 2021 DDG [83] 76.13 75.12 -1.01 4089.00 1312.57 67.90 25.56 - -
2.3.3 2021 GREG [97] 76.13 73.90 -2.23 4089.00 1336.27 67.32 25.56 - -
2.4.1 2019 Mol-19 [114] 76.18 71.69 -4.49 4089.00 1339.67 67.24 25.56 7.89 69.14
2.4.1 2022 HAP [107] 75.62 71.18 -4.44 4089.00 1343.24 67.15 25.56 5.23 79.53
2.3.3 2021 OTO [38] 76.10 75.10 -1.00 4089.00 1410.71 65.50 25.56 9.07 64.50
2.3.3 2021 OTO [38] 76.10 74.70 -1.40 4089.00 1410.71 65.50 25.56 9.07 64.50
2.6.3 2022 CCEP [59] 76.13 74.87 -1.26 4089.00 1468.36 64.09 25.56 - -
2.3.2 2022 WhiteBox [46] 76.15 74.21 -1.94 4089.00 1492.49 63.50 25.56 - -
2.2.1 2021 CHIP [42] 76.15 75.26 -0.89 4089.00 1521.11 62.80 25.56 11.07 56.70
2.7.2 2021 CC [60] 76.15 74.54 -1.61 4089.00 1525.90 62.68 25.56 10.58 58.61
2.2.1 2020 HRank [45] 76.15 71.98 -4.17 4089.00 1549.62 62.10 25.56 13.80 46.00
2.3.2 2021 ResRep [93] 76.15 75.30 -0.85 4089.00 1549.73 62.10 25.56 - -
2.3.2 2019 GAL [63] 76.15 69.88 -6.27 4089.00 1579.61 61.37 25.56 14.70 42.47
2.3.3 2021 GREG [97] 76.13 74.93 -1.20 4089.00 1597.27 60.94 25.56 - -
2.6.1 2022 DECORE [35] 76.15 72.06 -4.09 4089.00 1599.61 60.88 25.56 8.89 65.22
2.6.2 2020 LFPC [92] 76.15 74.46 -1.69 4089.00 1602.89 60.80 25.56 - -
2.6.2 2020 LFPC [92] 76.15 74.18 -1.97 4089.00 1602.89 60.80 25.56 - -
2.5.2 2021 DDG [83] 76.13 76.41 0.28 4089.00 1647.87 59.70 25.56 - -
2.4.1 2022 HAP [107] 75.62 74.00 -1.62 4089.00 1653.59 59.56 25.56 8.88 65.26
2.5.1 2018 GDP-Lin [113] 75.13 70.93 -4.20 4089.00 1663.14 59.33 25.56 - -
2.4.1 2022 SOSP [75] 76.15 73.38 -2.77 4089.00 1676.49 59.00 25.56 9.97 61.00
2.7.1 2022 PaT [125] - 74.85 - 4089.00 1690.45 58.66 25.56 - -
2.2.2 2019 AOFP [48] 75.34 75.11 -0.23 4089.00 1763.05 56.88 25.56 - -
2.3.3 2021 GREG [97] 75.40 75.22 -0.18 4089.00 1770.13 56.71 25.56 - -
2.6.3 2020 ABCPruner [50] 76.01 73.52 -2.49 4089.00 1774.19 56.61 25.56 11.24 56.03
2.6.3 2022 CCEP [59] 76.13 75.55 -0.58 4089.00 1784.85 56.35 25.56 - -
2.3.2 2021 ResRep [93] 76.15 75.97 -0.18 4089.00 1794.66 56.11 25.56 - -
2.6.2 2021 EE [61] 76.15 75.66 -0.49 4089.00 1799.16 56.00 25.56 - -
2.2.2 2017 ThiNet [115] 72.88 71.01 -1.87 4089.00 1806.15 55.83 25.56 12.41 51.45
2.4.3 2019 C-SGD [96] 75.33 74.54 -0.79 4089.00 1808.97 55.76 25.56 - -
2.5.1 2021 DCP-CAC [76] - - -0.79 4089.00 1817.33 55.56 25.56 12.35 51.69
2.2.3 2018 DCP [74] - - 1.06 4089.00 1817.33 55.56 25.56 12.41 51.46
2.6.2 2022 DAIS [84] 72.75 74.45 1.70 4089.00 1827.78 55.30 25.56 - -
2.1.2 2021 SRR [87] 76.13 75.11 -1.02 4089.00 1835.96 55.10 25.56 - -
2.3.1 2019 GBN [94] 74.51 75.18 0.67 4089.00 1837.60 55.06 25.56 11.91 53.40
2.3.2 2019 GAL [63] 76.15 71.80 -4.35 4089.00 1839.55 55.01 25.56 19.36 24.27
2.3.2 2020 DMC [102] 76.15 75.35 -0.80 4089.00 1840.05 55.00 25.56 - -
2.4.3 2022 EKG [95] 77.00 76.60 -0.40 4089.00 1840.05 55.00 25.56 - -
2.6.1 2022 RL-MCTS [41] 77.34 76.46 -0.88 4089.00 1840.05 55.00 25.56 - -
2.6.2 2022 DDNP [100] 76.13 75.89 -0.24 4089.00 1840.05 55.00 25.56 - -
2.3.2 2020 SCOP [80] 76.15 75.26 -0.89 4089.00 1856.41 54.60 25.56 12.32 51.80
2.4.2 2019 RBP [55] - 73.00 - 4089.00 1858.64 54.55 25.56 - -
2.3.2 2021 ResRep [93] 76.15 76.15 0.00 4089.00 1858.86 54.54 25.56 - -
2.3.1 2020 SCP [58] 75.89 74.20 1.69 4089.00 1868.67 54.30 25.56 - -
2.3.1 2020 SCP [58] 75.89 75.27 0.62 4089.00 1868.67 54.30 25.56 - -
2.6.3 2020 ABCPruner [50] 76.01 73.86 -2.15 4089.00 1869.25 54.29 25.56 11.75 54.03
2.4.1 2019 CCP [99] 76.15 76.98 0.83 4089.00 1876.85 54.10 25.56 - -
2.3.1 2020 PR [62] 76.15 75.63 0.52 4089.00 1880.94 54.00 25.56 - -
2.2.3 2022 DLRFC [44] 76.13 75.84 0.29 4089.00 1880.94 54.00 25.56 15.34 40.00
2.7.3 2021 JMDP [126] 76.60 76.00 -0.60 4089.00 1894.90 53.66 25.56 - -
2.5.1 2022 SMCP [127] 77.20 76.60 -0.60 4089.00 1894.90 53.66 25.56 - -
Continue on the next page...
TABLE 20: ResNet-50 on ImageNet-1K. (Part 1)