13
Section Year MethodBaseline
Top-1
Acc.(%)Pruned
Top-1
Acc.(%)Top-1
Acc.↓(%)Baseline
FLOPs
(M)Pruned
FLOPs
(M)FLOPs
↓(%)Baseline
Params
(M)Pruned
Params
(M)Params
↓(%)
ResNet-20
2.7.2 2020 Hinge [66] 68.83 66.34 -2.49 40.81 13.44 67.06 0.27 0.09 66.36
2.2.1 2022 GCNP [52] 68.38 66.14 -2.24 40.81 16.38 59.87 0.27 0.14 49.42
2.6.2 2019 TAS [88] 68.69 68.90 0.21 40.81 22.45 45.00 0.27 - -
2.2.1 2022 GCNP [52] 68.38 68.95 0.57 40.81 34.84 14.64 0.27 0.25 8.16
ResNet-32
2.4.1 2019 ED [72] 78.17 65.72 -12.45 69.12 3.72 94.62 0.47 - -
2.4.1 2022 SOSP [75] 76.80 75.33 -1.47 69.12 17.78 74.28 0.47 - -
2.4.1 2019 ED [72] 78.17 75.51 -2.66 69.12 19.62 71.62 0.47 - -
2.4.1 2022 SOSP [75] 76.80 75.52 -1.28 69.12 19.63 71.60 0.47 - -
2.5.1 2021 DCP-CAC [76] 68.48 68.11 -0.37 69.12 34.49 50.10 0.47 0.25 47.83
2.6.2 2022 DAIS [84] 73.24 72.20 -1.04 69.12 39.47 42.90 0.47 - -
2.6.2 2019 TAS [88] 70.61 72.41 1.80 69.12 42.51 38.50 0.47 - -
2.1.2 2019 COP [51] 68.74 68.29 -0.45 69.12 45.48 34.20 0.47 0.30 35.20
2.5.1 2021 DCP-CAC [76] 68.48 69.51 1.03 69.12 48.35 30.04 0.47 0.35 26.09
ResNet-44
2.5.1 2021 DCP-CAC [76] 69.87 69.82 -0.05 97.15 48.54 50.04 0.66 0.35 47.69
2.5.1 2021 DCP-CAC [76] 69.87 70.85 0.98 97.15 67.97 30.04 0.66 0.46 30.77
ResNet-56
2.3.3 2019 OICSR [108] 75.87 73.10 -2.77 125.75 3.52 97.20 0.86 - -
2.3.3 2019 OICSR [108] 75.87 75.75 -0.12 125.75 17.35 86.20 0.86 - -
2.6.2 2022 DAIS [84] 71.76 72.57 0.81 125.75 58.35 53.60 0.86 - -
2.2.1 2021 LRMF [68] - - -0.44 125.75 59.61 52.60 0.86 - -
2.2.1 2022 GCNP [52] 72.86 72.22 -0.64 125.75 60.08 52.22 0.86 0.52 39.83
2.6.2 2020 LFPC [92] 70.25 70.83 0.58 125.75 60.86 51.60 0.86 - -
2.6.2 2019 TAS [88] 73.18 72.25 -0.93 125.75 61.24 51.30 0.86 - -
2.5.1 2021 DCP-CAC [76] 70.90 70.10 -0.80 125.75 62.82 50.04 0.86 0.44 49.41
2.4.2 2022 EKG [95] 72.62 72.93 0.31 125.75 62.88 50.00 0.86 - -
2.2.1 2022 GCNP [52] 72.86 72.86 0.00 125.75 64.42 48.77 0.86 0.52 39.24
2.3.3 2019 OICSR [108] 75.87 76.23 0.36 125.75 77.34 38.50 0.86 - -
2.7.3 2019 SDN [67] 70.01 69.78 -0.23 125.75 77.59 38.30 0.86 0.55 36.10
2.5.1 2021 DCP-CAC [76] 70.90 71.31 0.41 125.75 88.01 30.01 0.86 0.60 30.59
2.2.3 2022 DLRFC [44] 71.14 71.41 -0.27 125.75 93.68 25.50 0.86 0.64 25.90
2.3.1 2020 PR [62] 72.49 72.46 0.06 125.75 94.31 25.00 0.86 - -
ResNet-110
2.6.2 2022 DAIS [84] 75.34 74.69 -0.65 253.15 109.61 56.70 1.73 - -
2.6.2 2019 TAS [88] 75.06 73.16 -1.90 253.15 119.99 52.60 1.73 - -
2.5.1 2021 DCP-CAC [76] 72.53 72.16 -0.37 253.15 126.52 50.02 1.73 0.89 48.84
2.5.1 2021 DCP-CAC [76] 72.53 72.79 0.26 253.15 176.97 30.09 1.73 1.23 29.07
ResNet-164
2.3.1 2020 SCP [58] 77.24 75.05 2.19 247.65 86.85 64.93 1.70 0.79 53.30
2.3.1 2017 NS [77] 76.63 76.09 -0.54 247.65 122.34 50.60 1.70 1.19 30.06
2.3.1 2020 SCP [58] 77.24 76.62 0.62 247.65 135.32 45.36 1.70 1.21 28.89
2.7.2 2020 Hinge [66] 76.78 76.88 0.10 247.65 137.00 44.68 1.70 1.30 23.43
2.3.1 2017 NS [77] 76.63 77.13 0.50 247.65 164.93 33.40 1.70 1.43 15.61
2.6.2 2019 TAS [88] 78.29 77.76 -0.53 247.65 171.13 30.90 1.70 - -
2.4.2 2019 VP [65] 75.56 73.76 -1.80 247.65 180.18 27.24 1.70 1.40 17.86
TABLE 12: ResNet-20/32/44/56/110/164 on CIFAR-100.