7
Section Year MethodBaseline
Top-1
Acc.(%)Pruned
Top-1
Acc.(%)Top-1
Acc.↓(%)Baseline
FLOPs
(M)Pruned
FLOPs
(M)FLOPs
↓(%)Baseline
Params
(M)Pruned
Params
(M)Params
↓(%)
ResNet-56
2.2.3 2020 PFP [37] 92.95 92.67 -0.28 125.75 19.59 84.42 0.86 0.09 88.98
2.6.1 2022 DECORE [35] 93.26 90.85 -2.41 125.75 23.27 81.50 0.86 0.13 84.71
2.3.2 2021 ResRep [93] 93.71 92.66 1.05 125.75 27.88 77.83 0.86 - -
2.2.1 2022 GCNP [52] 93.72 92.75 -0.97 125.75 28.65 77.22 0.86 0.25 70.50
2.7.2 2020 Hinge [66] 92.95 92.65 -0.30 125.75 30.18 76.00 0.86 0.18 79.20
2.7.3 2020 SWP [56] 93.10 92.98 -0.12 125.75 30.68 75.60 0.86 0.19 77.70
2.2.1 2020 HRank [45] 93.26 90.72 -2.54 125.75 32.59 74.09 0.86 0.27 68.24
2.2.1 2021 CHIP [42] 93.26 92.05 -1.21 125.75 34.83 72.30 0.86 0.24 71.80
2.6.2 2022 DAIS [84] 92.53 93.53 1.00 125.75 36.59 70.90 0.86 - -
2.3.1 2019 GBN [94] - - 0.03 125.75 37.35 70.30 0.86 0.29 66.70
2.6.2 2020 DSA [79] 93.12 92.20 -0.92 125.75 40.99 67.40 0.86 - -
2.5.2 2022 FTWT [53] 93.66 92.63 -1.03 125.75 42.75 66.00 0.86 - -
2.3.2 2021 GDP-Guo [57] 93.90 93.55 -0.35 125.75 43.21 65.64 0.86 - -
2.4.3 2022 EKG [95] 93.84 93.69 -0.15 125.75 43.87 65.11 0.86 - -
2.6.3 2022 CCEP [59] 93.48 93.24 -0.24 125.75 46.00 63.42 0.86 - -
2.5.2 2021 ManiDP [81] 93.70 93.64 -0.06 125.75 47.28 62.40 0.86 - -
2.1.2 2022 EPruner [47] 93.26 93.18 -0.08 125.75 48.63 61.33 0.86 0.39 54.12
2.4.3 2019 C-SGD [96] 93.39 93.44 0.05 125.75 49.23 60.85 0.86 - -
2.3.3 2021 GREG [97] 93.36 93.36 0.00 125.75 49.32 60.78 0.86 - -
2.3.3 2021 GREG [97] 93.36 93.18 -0.18 125.75 49.32 60.78 0.86 - -
2.3.2 2019 GAL [63] 93.26 91.58 -1.68 125.75 50.09 60.16 0.86 0.29 65.88
2.3.2 2019 GAL [63] 93.26 90.36 -2.90 125.75 50.09 60.16 0.86 0.29 65.88
2.3.1 2019 GBN [94] - - -0.33 125.75 50.17 60.10 0.86 0.40 53.50
2.7.2 2021 EDP [40] 93.61 93.61 0.00 125.75 53.18 57.71 0.86 0.39 54.18
2.1.2 2022 CLR-RNF [49] 93.26 93.27 0.01 125.75 53.70 57.30 0.86 0.38 55.50
2.3.2 2020 SCOP [80] 93.70 93.64 -0.06 125.75 55.33 56.00 0.86 0.38 56.30
2.6.2 2021 EE [61] 93.62 93.68 0.06 125.75 55.33 56.00 0.86 - -
2.3.2 2022 WhiteBox [46] 93.26 93.54 0.28 125.75 55.83 55.60 0.86 - -
2.6.1 2022 RL-MCTS [41] 93.20 93.56 0.36 125.75 56.59 55.00 0.86 - -
2.6.3 2020 ABCPruner [50] 93.26 93.23 -0.03 125.75 57.68 54.13 0.86 0.39 54.12
2.6.1 2022 GNN-RL [85] 93.39 93.49 0.10 125.75 57.84 54.00 0.86 - -
2.5.2 2022 FTWT [53] 93.66 92.28 -1.38 125.75 57.84 54.00 0.86 - -
2.1.2 2021 SRR [87] 93.38 93.75 0.37 125.75 58.10 53.80 0.86 - -
2.3.2 2021 GDP-Guo [57] 93.90 93.97 0.07 125.75 58.66 53.35 0.86 - -
2.3.2 2020 LeGR [98] 93.90 93.70 -0.20 125.75 59.10 53.00 0.86 - -
2.3.2 2021 ResRep [93] 93.71 93.71 0.00 125.75 59.22 52.91 0.86 - -
2.6.2 2020 LFPC [92] 93.59 93.34 -0.25 125.75 59.23 52.90 0.86 - -
2.6.2 2020 LFPC [92] 93.59 93.24 -0.35 125.75 59.23 52.90 0.86 - -
2.6.2 2019 TAS [88] 94.46 93.69 -0.77 125.75 59.48 52.70 0.86 - -
2.6.2 2022 MFP [91] 93.59 93.56 -0.03 125.75 59.61 52.60 0.86 - -
2.6.2 2022 MFP [91] 93.59 92.76 -0.83 125.75 59.61 52.60 0.86 - -
2.5.1 2018 SFP [90] 93.59 93.35 -0.24 125.75 59.61 52.60 0.86 - -
2.5.1 2018 SFP [90] 93.59 92.26 -1.33 125.75 59.61 52.60 0.86 - -
2.4.1 2019 CCP [99] 93.50 - 0.08 125.75 59.61 52.60 0.86 - -
2.2.1 2021 LRMF [68] 93.59 93.25 -0.34 125.75 59.61 52.60 0.86 - -
2.2.1 2021 LRMF [68] 93.59 93.29 -0.30 125.75 59.61 52.60 0.86 - -
2.1.2 2019 FPGM [82] 93.59 93.49 -0.10 125.75 59.61 52.60 0.86 - -
2.2.3 2022 DLRFC [44] 93.06 93.57 -0.51 125.75 59.63 52.58 0.86 0.38 55.63
2.6.2 2020 DSA [79] 93.12 92.91 -0.21 125.75 60.11 52.20 0.86 - -
2.7.2 2021 CC [60] 93.33 93.64 0.31 125.75 60.36 52.00 0.86 0.45 48.24
2.7.3 2022 SOKS [54] 93.06 93.08 0.02 125.75 60.70 51.73 0.86 0.39 54.12
2.3.1 2020 SCP [58] 93.69 93.23 0.46 125.75 60.99 51.50 0.86 0.44 48.47
2.6.2 2022 DDNP [100] 93.62 93.83 0.21 125.75 61.62 51.00 0.86 - -
2.3.1 2020 EagleEye [101] - 94.66 - 125.75 62.23 50.51 0.86 - -
2.5.1 2021 DCP-CAC [76] 92.88 93.10 0.22 125.75 62.82 50.04 0.86 0.44 49.41
2.2.1 2020 HRank [45] 93.26 93.17 -0.09 125.75 62.85 50.02 0.86 0.50 42.35
2.3.2 2020 DMC [102] 93.62 93.69 0.07 125.75 62.88 50.00 0.86 - -
2.6.1 2018 AMC [103] 92.80 90.10 -2.70 125.75 62.88 50.00 0.86 - -
2.4.3 2022 EKG [95] 93.84 94.09 0.25 125.75 62.88 50.00 0.86 - -
2.6.1 2021 AGMC [86] 93.39 92.76 -0.63 125.75 62.88 50.00 0.86 - -
2.7.2 2020 Hinge [66] 92.95 93.69 0.74 125.75 62.88 50.00 0.86 0.42 51.27
2.6.1 2018 AMC [103] 92.80 91.90 -0.90 125.75 62.88 50.00 0.86 - -
2.4.3 2022 RollBack [104] - 92.53 - 125.75 62.88 50.00 0.86 - -
2.6.1 2022 DECORE [35] 93.26 93.26 0.00 125.75 63.06 49.85 0.86 0.44 49.41
2.2.3 2018 DCP [74] 93.80 93.49 -0.31 125.75 63.19 49.75 0.86 0.44 49.24
2.7.1 2022 RRCP [105] - 93.48 - 125.75 64.17 48.97 0.86 0.47 44.92
2.2.1 2022 GCNP [52] 93.72 93.85 0.13 125.75 65.00 48.31 0.86 0.56 35.01
2.5.1 2021 SEP [73] 93.04 93.85 0.81 125.75 65.99 47.52 0.86 0.62 27.91
2.2.1 2021 CHIP [42] 93.26 94.16 0.90 125.75 66.14 47.40 0.86 0.49 42.80
2.6.2 2020 LFPC [92] 93.59 93.72 0.13 125.75 66.52 47.10 0.86 - -
Continue on the next page...
TABLE 6: ResNet-56 on CIFAR-10. (Part 1)