20
Section Year MethodBaseline
Top-1
Acc.(%)Pruned
Top-1
Acc.(%)Top-1
Acc.↓(%)Baseline
FLOPs
(M)Pruned
FLOPs
(M)FLOPs
↓(%)Baseline
Params
(M)Pruned
Params
(M)Params
↓(%)
ResNet-50 (cont.)
2.6.2 2022 MFP [91] 76.15 74.13 -2.02 4089.00 1901.38 53.50 25.56 - -
2.6.2 2022 MFP [91] 76.15 74.86 -1.29 4089.00 1901.38 53.50 25.56 - -
2.1.2 2019 FPGM [82] 76.15 75.59 -0.56 4089.00 1901.38 53.50 25.56 - -
2.7.2 2020 Hinge [66] - 74.70 - 4089.00 1903.43 53.45 25.56 - -
2.6.1 2022 GNN-RL [85] 76.10 74.28 -1.82 4089.00 1921.83 53.00 25.56 - -
2.7.2 2021 CC [60] 76.15 75.59 -0.56 4089.00 1924.82 52.93 25.56 13.20 48.36
2.2.1 2021 LRMF [68] 76.15 74.70 -1.45 4089.00 1934.10 52.70 25.56 - -
2.5.1 2018 GDP-Lin [113] 75.13 71.89 -3.24 4089.00 1991.53 51.30 25.56 - -
2.5.1 2022 SMCP [127] 76.20 76.80 0.60 4089.00 1994.63 51.22 25.56 - -
2.5.1 2022 CHEX [123] - 77.40 - 4089.00 1994.63 51.22 25.56 - -
2.3.1 2020 EagleEye [101] - 76.40 - 4089.00 1994.63 51.22 25.56 - -
2.6.3 2019 MetaPruning [128] 76.60 75.40 -1.20 4089.00 1994.63 51.22 25.56 - -
2.6.2 2022 PaS [129] 76.65 76.70 0.05 4089.00 1994.63 51.22 25.56 - -
2.7.1 2022 RRCP [105] - 75.13 - 4089.00 2003.20 51.01 25.56 13.83 45.88
2.4.1 2022 SOSP [75] 76.15 74.39 -1.76 4089.00 2003.61 51.00 25.56 11.76 54.00
2.4.1 2021 GFP [130] 76.79 76.42 -0.37 4089.00 2040.00 50.11 25.56 - -
2.6.2 2020 DSA [79] 76.02 74.69 -1.33 4089.00 2044.50 50.00 25.56 - -
2.3.3 2019 OICSR [108] 76.31 75.95 -0.36 4089.00 2044.50 50.00 25.56 - -
2.4.1 2019 CCP [99] 76.15 76.80 0.65 4089.00 2093.57 48.80 25.56 - -
2.2.1 2021 CHIP [42] 76.15 76.15 0.00 4089.00 2097.66 48.70 25.56 14.26 44.20
2.6.2 2022 DNCP [109] 76.60 76.30 -0.30 4089.00 2194.10 46.34 25.56 - -
2.6.2 2020 DMCP [121] 76.60 76.20 -0.40 4089.00 2194.10 46.34 25.56 - -
2.4.3 2019 C-SGD [96] 75.33 74.93 -0.40 4089.00 2198.25 46.24 25.56 - -
2.6.2 2021 EE [61] 76.15 76.05 -0.10 4089.00 2203.97 46.10 25.56 - -
2.6.1 2022 RL-MCTS [41] 77.34 76.80 -0.54 4089.00 2203.97 46.10 25.56 - -
2.3.2 2022 WhiteBox [46] 76.15 75.32 -0.83 4089.00 2224.42 45.60 25.56 - -
2.3.2 2020 SCOP [80] 76.15 75.95 -0.20 4089.00 2236.68 45.30 25.56 14.62 42.80
2.4.1 2022 SOSP [75] 76.15 75.21 -0.94 4089.00 2248.95 45.00 25.56 13.04 49.00
2.4.1 2019 Mol-19 [114] 76.18 74.50 -1.68 4089.00 2249.45 44.99 25.56 14.18 44.53
2.2.1 2021 CHIP [42] 76.15 76.30 0.15 4089.00 2257.13 44.80 25.56 15.13 40.80
2.6.3 2022 CCEP [59] 76.13 76.06 -0.07 4089.00 2266.94 44.56 25.56 - -
2.4.1 2022 HAP [107] 75.62 75.36 -0.26 4089.00 2268.99 44.51 25.56 13.74 46.26
2.3.3 2019 OICSR [108] 76.31 76.30 -0.01 4089.00 2273.48 44.40 25.56 - -
2.1.2 2021 SRR [87] 76.13 75.76 -0.37 4089.00 2285.75 44.10 25.56 - -
2.2.3 2018 NISP [106] - - 0.89 4089.00 2289.43 44.01 25.56 14.36 43.82
2.2.1 2020 HRank [45] 76.15 74.98 -1.17 4089.00 2299.44 43.77 25.56 16.19 36.67
2.6.2 2019 TAS [88] 74.94 76.20 1.26 4089.00 2310.28 43.50 25.56 - -
2.3.2 2019 GAL [63] 76.15 71.95 -4.20 4089.00 2329.43 43.03 25.56 21.25 16.86
2.5.1 2021 SEP [73] 76.12 75.22 -0.90 4089.00 2330.73 43.00 25.56 - -
2.3.2 2021 ABP [39] 75.88 74.80 -1.08 4089.00 2338.91 42.80 25.56 13.04 49.00
2.6.1 2022 DECORE [35] 76.15 74.58 -1.57 4089.00 2359.42 42.30 25.56 14.13 44.71
2.6.2 2022 MFP [91] 76.15 75.67 -0.48 4089.00 2363.44 42.20 25.56 - -
2.5.1 2018 GDP-Lin [113] 75.13 72.61 -2.52 4089.00 2372.89 41.97 25.56 - -
2.5.1 2018 SFP [90] 76.15 62.14 -14.01 4089.00 2379.80 41.80 25.56 - -
2.5.1 2018 SFP [90] 76.15 74.61 -1.54 4089.00 2379.80 41.80 25.56 - -
2.3.1 2019 GBN [94] 76.50 76.19 -0.31 4089.00 2431.32 40.54 25.56 17.42 31.83
2.1.2 2022 CLR-RNF [49] 76.01 74.85 -1.16 4089.00 2437.48 40.39 25.56 16.92 33.80
2.6.2 2020 DSA [79] 76.02 75.10 -0.92 4089.00 2453.40 40.00 25.56 - -
2.7.1 2020 EB [64] 75.99 73.35 -2.64 4089.00 2474.71 39.48 25.56 12.78 50.00
2.3.3 2019 OICSR [108] 76.31 76.53 0.22 4089.00 2563.80 37.30 25.56 - -
2.2.2 2017 ThiNet [115] 72.88 72.04 -0.84 4089.00 2584.76 36.79 25.56 16.98 33.57
2.4.3 2019 C-SGD [96] 75.33 75.27 -0.06 4089.00 2586.29 36.75 25.56 - -
2.4.1 2019 Mol-19 [114] 76.18 75.48 -0.70 4089.00 2659.35 34.96 25.56 17.87 30.08
2.7.3 2022 GKP-TMI [89] 76.15 75.53 -0.62 4089.00 2709.37 33.74 25.56 17.07 33.21
2.2.2 2019 AOFP [48] 75.34 75.63 0.29 4089.00 2740.16 32.99 25.56 - -
2.3.3 2021 GREG [97] 76.13 76.13 0.00 4089.00 2744.30 32.89 25.56 - -
2.7.3 2021 JMDP [126] 76.60 76.50 -0.10 4089.00 2792.49 31.71 25.56 - -
2.6.2 2020 DMCP [121] 76.60 77.00 0.40 4089.00 2792.49 31.71 25.56 - -
2.2.3 2020 PFP [37] 76.13 75.21 -0.92 4089.00 2860.26 30.05 25.56 14.30 44.04
2.4.1 2022 SOSP [75] 76.15 76.60 0.45 4089.00 2944.08 28.00 25.56 17.89 30.00
2.2.3 2018 NISP [106] - - 0.21 4089.00 2972.29 27.31 25.56 18.63 27.12
2.4.1 2022 SOSP [75] 76.15 75.85 -0.30 4089.00 2984.97 27.00 25.56 15.34 40.00
2.6.3 2019 MetaPruning [128] 76.60 76.20 -0.40 4089.00 2991.95 26.83 25.56 - -
2.6.2 2022 PaS [129] 77.53 77.60 0.07 4089.00 2991.95 26.83 25.56 - -
2.5.1 2022 SMCP [127] 76.20 77.10 0.90 4089.00 2991.95 26.83 25.56 - -
2.3.1 2020 EagleEye [101] - 77.10 - 4089.00 2991.95 26.83 25.56 - -
2.4.1 2021 GFP [130] 76.79 76.95 0.16 4089.00 3060.00 25.17 25.56 - -
2.5.1 2022 SMCP [127] 77.20 77.60 0.40 4089.00 3091.68 24.39 25.56 - -
2.7.3 2022 GKP-TMI [89] 76.15 75.96 -0.19 4089.00 3168.98 22.50 25.56 19.91 22.10
2.7.1 2020 EB [64] 75.99 73.86 -2.13 4089.00 3228.48 21.04 25.56 17.89 30.00
2.4.1 2022 SOSP [75] 76.15 76.56 0.41 4089.00 3230.31 21.00 25.56 19.94 22.00
2.4.1 2019 Mol-19 [114] 76.18 76.43 0.25 4089.00 3269.20 20.05 25.56 22.56 11.72
2.6.1 2022 DECORE [35] 76.15 76.31 0.16 4089.00 3539.13 13.45 25.56 22.74 11.02
2.2.3 2020 PFP [37] 76.13 75.91 -0.22 4089.00 3646.57 10.82 25.56 20.96 18.01
2.6.3 2022 EDropout [111] 75.27 73.72 -1.55 4089.00 - - 25.56 10.86 57.50
2.7.3 2022 1xN [131] 77.01 76.65 -0.35 4089.00 - - 25.56 12.78 50.00
TABLE 20: ResNet-50 on ImageNet-1K. (Part 2)