Published as a conference paper at ICLR 2020
Table 3: Comparison of our method (SimPLe) with model-free benchmarks - PPO and Rainbow, trained with 100 thousands/500 thousands/1 million steps. (1 step equals 4 frames)
Game SimPLe PPO_100k PPO_500k PPO_1m Rainbow_100k Rainbow_500k Rainbow_1m random human
Alien 616.9 (252.2) 291.0 (40.3) 269.0 (203.4) 362.0 (102.0) 290.6 (14.8) 828.6 (54.2) 945.0 (85.0) 184.8 7128.0
Amidar 74.3 (28.3) 56.5 (20.8) 93.2 (36.7) 123.8 (19.7) 20.8 (2.3) 194.0 (34.9) 275.8 (66.7) 11.8 1720.0
Assault 527.2 (112.3) 424.2 (55.8) 552.3 (110.4) 1134.4 (798.8) 300.3 (14.6) 1041.5 (92.1) 1581.8 (207.8) 233.7 742.0
Asterix 1128.3 (211.8) 385.0 (104.4) 1085.0 (354.8) 2185.0 (931.6) 285.7 (9.3) 1702.7 (162.8) 2151.6 (202.6) 248.8 8503.0
Asteroids 793.6 (182.2) 1134.0 (326.9) 1053.0 (433.3) 1251.0 (377.9) 912.3 (62.7) 895.9 (82.0) 1071.5 (91.7) 649.0 47389.0
Atlantis 20992.5 (11062.0) 34316.7 (5703.8) 4836416.7 (6218247.3) - (-) 17881.8 (617.6) 79541.0 (25393.4) 848800.0 (37533.1) 16492.0 29028.0
BankHeist 34.2 (29.2) 16.0 (12.4) 641.0 (352.8) 856.0 (376.7) 34.5 (2.0) 727.3 (198.3) 1053.3 (22.9) 15.0 753.0
BattleZone 4031.2 (1156.1) 5300.0 (3655.1) 14400.0 (6476.1) 19000.0 (4571.7) 3363.5 (523.8) 19507.1 (3193.3) 22391.4 (7708.9) 2895.0 37188.0
BeamRider 621.6 (79.8) 563.6 (189.4) 497.6 (103.5) 684.0 (168.8) 365.6 (29.8) 5890.0 (525.6) 6945.3 (1390.8) 372.1 16926.0
Bowling 30.0 (5.8) 17.7 (11.2) 28.5 (3.4) 35.8 (6.2) 24.7 (0.8) 31.0 (1.9) 30.6 (6.2) 24.2 161.0
Boxing 7.8 (10.1) -3.9 (6.4) 3.5 (3.5) 19.6 (20.9) 0.9 (1.7) 58.2 (16.5) 80.3 (5.6) 0.3 12.0
Breakout 16.4 (6.2) 5.9 (3.3) 66.1 (114.3) 128.0 (153.3) 3.3 (0.1) 26.7 (2.4) 38.7 (3.4) 0.9 30.0
ChopperCommand 979.4 (172.7) 730.0 (199.0) 860.0 (285.3) 970.0 (201.5) 776.6 (59.0) 1765.2 (280.7) 2474.0 (504.5) 671.0 7388.0
CrazyClimber 62583.6 (16856.8) 18400.0 (5275.1) 33420.0 (3628.3) 58000.0 (16994.6) 12558.3 (674.6) 75655.1 (9439.6) 97088.1 (9975.4) 7339.5 35829.0
DemonAttack 208.1 (56.8) 192.5 (83.1) 216.5 (96.2) 241.0 (135.0) 431.6 (79.5) 3642.1 (478.2) 5478.6 (297.9) 140.0 1971.0
FishingDerby -90.7 (5.3) -95.6 (4.3) -87.2 (5.3) -88.8 (4.0) -91.1 (2.1) -66.7 (6.0) -23.2 (22.3) -93.6 -39.0
Freeway 16.7 (15.7) 8.0 (9.8) 14.0 (11.5) 20.8 (11.1) 0.1 (0.1) 12.6 (15.4) 13.0 (15.9) 0.0 30.0
Frostbite 236.9 (31.5) 174.0 (40.7) 214.0 (10.2) 229.0 (20.6) 140.1 (2.7) 1386.1 (321.7) 2972.3 (284.9) 74.0 -
Gopher 596.8 (183.5) 246.0 (103.3) 560.0 (118.8) 696.0 (279.3) 748.3 (105.4) 1640.5 (105.6) 1905.0 (211.1) 245.9 2412.0
Gravitar 173.4 (54.7) 235.0 (197.2) 235.0 (134.7) 325.0 (85.1) 231.4 (50.7) 214.9 (27.6) 260.0 (22.7) 227.2 3351.0
Hero 2656.6 (483.1) 569.0 (1100.9) 1824.0 (1461.2) 3719.0 (1306.0) 2676.3 (93.7) 10664.3 (1060.5) 13295.5 (261.2) 224.6 30826.0
IceHockey -11.6 (2.5) -10.0 (2.1) -6.6 (1.6) -5.3 (1.7) -9.5 (0.8) -9.7 (0.8) -6.5 (0.5) -9.7 1.0
Jamesbond 100.5 (36.8) 65.0 (46.4) 255.0 (101.7) 310.0 (129.0) 61.7 (8.8) 429.7 (27.9) 692.6 (316.2) 29.2 303.0
Kangaroo 51.2 (17.8) 140.0 (102.0) 340.0 (407.9) 840.0 (806.5) 38.7 (9.3) 970.9 (501.9) 4084.6 (1954.1) 42.0 3035.0
Krull 2204.8 (776.5) 3750.4 (3071.9) 3056.1 (1155.5) 5061.8 (1333.4) 2978.8 (148.4) 4139.4 (336.2) 4971.1 (360.3) 1543.3 2666.0
KungFuMaster 14862.5 (4031.6) 4820.0 (983.2) 17370.0 (10707.6) 13780.0 (3971.6) 1019.4 (149.6) 19346.1 (3274.4) 21258.6 (3210.2) 616.5 22736.0
MsPacman 1480.0 (288.2) 496.0 (379.8) 306.0 (70.2) 594.0 (247.9) 364.3 (20.4) 1558.0 (248.9) 1881.4 (112.0) 235.2 6952.0
NameThisGame 2420.7 (289.4) 2225.0 (423.7) 2106.0 (898.8) 2311.0 (547.6) 2368.2 (318.3) 4886.5 (583.1) 4454.2 (338.3) 2136.8 8049.0
Pong 12.8 (17.2) -20.5 (0.6) -8.6 (14.9) 14.7 (5.1) -19.5 (0.2) 19.9 (0.4) 20.6 (0.2) -20.4 15.0
PrivateEye 35.0 (60.2) 10.0 (20.0) 20.0 (40.0) 20.0 (40.0) 42.1 (53.8) -6.2 (89.8) 2336.7 (4732.6) 26.6 69571.0
Qbert 1288.8 (1677.9) 362.5 (117.8) 757.5 (78.9) 2675.0 (1701.1) 235.6 (12.9) 4241.7 (193.1) 8885.2 (1690.9) 166.1 13455.0
Riverraid 1957.8 (758.1) 1398.0 (513.8) 2865.0 (327.1) 2887.0 (807.0) 1904.2 (44.2) 5068.6 (292.6) 7018.9 (334.2) 1451.0 17118.0
RoadRunner 5640.6 (3936.6) 1430.0 (760.0) 5750.0 (5259.9) 8930.0 (4304.0) 524.1 (147.5) 18415.4 (5280.0) 31379.7 (3225.8) 0.0 7845.0
Seaquest 683.3 (171.2) 370.0 (103.3) 692.0 (48.3) 882.0 (122.7) 206.3 (17.1) 1558.7 (221.2) 3279.9 (683.9) 61.1 42055.0
UpNDown 3350.3 (3540.0) 2874.0 (1105.8) 12126.0 (1389.5) 13777.0 (6766.3) 1346.3 (95.1) 6120.7 (356.8) 8010.9 (907.0) 488.4 11693.0
YarsRevenge 5664.3 (1870.5) 5182.0 (1209.3) 8064.8 (2859.8) 9495.0 (2638.3) 3649.0 (168.6) 7005.7 (394.2) 8225.1 (957.9) 3121.2 54577.0
23