Published as a conference paper at ICLR 2020
Table 2: Models comparison. Mean scores and standard deviations over five training runs. Right most columns presents score for random agent and human.
Game Ours, deterministic Ours, det. recurrent Ours, SD long Ours, SD Ours, SD γ= 0.90 Ours, SD γ= 0.95 Ours, SD 100 steps Ours, SD 25 steps random human
Alien 378.3 (85.5) 321.7 (50.7) 616.9 (252.2) 405.2 (130.8) 413.0 (89.7) 590.2 (57.8) 435.6 (78.9) 534.8 (166.2) 184.8 7128.0
Amidar 62.4 (15.2) 86.7 (18.8) 74.3 (28.3) 88.0 (23.8) 50.3 (11.7) 78.3 (18.8) 37.7 (15.1) 82.2 (43.0) 11.8 1720.0
Assault 361.4 (166.6) 490.5 (143.6) 527.2 (112.3) 369.3 (107.8) 406.7 (118.7) 549.0 (127.9) 311.7 (88.2) 664.5 (298.2) 233.7 742.0
Asterix 668.0 (294.1) 1853.0 (391.8) 1128.3 (211.8) 1089.5 (335.3) 855.0 (176.4) 921.6 (114.2) 777.0 (200.4) 1340.6 (627.5) 248.8 8503.0
Asteroids 743.7 (92.2) 821.7 (115.6) 793.6 (182.2) 731.0 (165.3) 882.0 (24.7) 886.8 (45.2) 821.9 (93.8) 644.5 (110.6) 649.0 47389.0
Atlantis 14623.4 (2122.5) 12584.4 (5823.6) 20992.5 (11062.0) 14481.6 (2436.9) 18444.1 (4616.0) 14055.6 (6226.1) 14139.7 (2500.9) 11641.2 (3385.0) 16492.0 29028.0
BankHeist 13.8 (2.5) 15.1 (2.2) 34.2 (29.2) 8.2 (4.4) 11.9 (2.5) 12.0 (1.4) 13.1 (3.2) 12.7 (4.7) 15.0 753.0
BattleZone 3306.2 (794.1) 4665.6 (2799.4) 4031.2 (1156.1) 5184.4 (1347.5) 2781.2 (661.7) 4000.0 (788.9) 4068.8 (2912.1) 3746.9 (1426.8) 2895.0 37188.0
BeamRider 463.8 (29.2) 358.9 (87.4) 621.6 (79.8) 422.7 (103.6) 456.2 (160.8) 415.4 (103.4) 456.0 (60.9) 386.6 (264.4) 372.1 16926.0
Bowling 25.3 (10.4) 22.3 (17.0) 30.0 (5.8) 34.4 (16.3) 27.7 (5.2) 23.9 (3.3) 29.3 (7.5) 33.2 (15.5) 24.2 161.0
Boxing -9.3 (10.9) -3.1 (14.1) 7.8 (10.1) 9.1 (8.8) 11.6 (12.6) 5.1 (10.0) -2.1 (5.0) 1.6 (14.7) 0.3 12.0
Breakout 6.1 (2.8) 10.2 (5.1) 16.4 (6.2) 12.7 (3.8) 7.3 (2.4) 8.8 (5.1) 11.4 (3.7) 7.8 (4.1) 0.9 30.0
ChopperCommand 906.9 (210.2) 709.1 (174.1) 979.4 (172.7) 1246.9 (392.0) 725.6 (204.2) 946.6 (49.9) 729.1 (185.1) 1047.2 (221.6) 671.0 7388.0
CrazyClimber 19380.0 (6138.8) 54700.3 (14480.5) 62583.6 (16856.8) 39827.8 (22582.6) 49840.9 (11920.9) 34353.1 (33547.2) 48651.2 (14903.5) 25612.2 (14037.5) 7339.5 35829.0
DemonAttack 191.9 (86.3) 120.3 (38.3) 208.1 (56.8) 169.5 (41.8) 187.5 (68.6) 194.9 (89.6) 170.1 (42.4) 202.2 (134.0) 140.0 1971.0
FishingDerby -94.5 (3.0) -96.9 (1.7) -90.7 (5.3) -91.5 (2.8) -91.0 (4.1) -92.6 (3.2) -90.0 (2.7) -94.5 (2.5) -93.6 -39.0
Freeway 5.9 (13.1) 23.7 (13.5) 16.7 (15.7) 20.3 (18.5) 18.9 (17.2) 27.7 (13.3) 19.1 (16.7) 27.3 (5.8) 0.0 30.0
Frostbite 196.4 (4.4) 219.6 (21.4) 236.9 (31.5) 254.7 (4.9) 234.6 (26.8) 239.2 (19.1) 226.8 (16.9) 252.1 (54.4) 74.0 -
Gopher 510.2 (158.4) 225.2 (105.7) 596.8 (183.5) 771.0 (160.2) 845.6 (230.3) 612.6 (273.9) 698.4 (213.9) 509.7 (273.4) 245.9 2412.0
Gravitar 237.0 (73.1) 213.8 (57.4) 173.4 (54.7) 198.3 (39.9) 219.4 (7.8) 213.0 (37.3) 188.9 (27.6) 116.4 (84.0) 227.2 3351.0
Hero 621.5 (1281.3) 558.3 (1143.3) 2656.6 (483.1) 1295.1 (1600.1) 2853.9 (539.5) 3503.5 (892.9) 3052.7 (169.3) 1484.8 (1671.7) 224.6 30826.0
IceHockey -12.6 (2.1) -14.0 (1.8) -11.6 (2.5) -10.5 (2.2) -12.2 (2.9) -11.9 (1.2) -13.5 (3.0) -13.9 (3.9) -9.7 1.0
Jamesbond 68.8 (37.2) 100.5 (69.8) 100.5 (36.8) 125.3 (112.5) 28.9 (12.7) 50.5 (21.3) 68.9 (42.7) 163.4 (81.8) 29.2 303.0
Kangaroo 481.9 (313.2) 191.9 (301.0) 51.2 (17.8) 323.1 (359.8) 148.1 (121.5) 37.5 (8.0) 301.2 (593.4) 340.0 (470.4) 42.0 3035.0
Krull 834.9 (166.3) 1778.5 (906.9) 2204.8 (776.5) 4539.9 (2470.4) 2396.5 (962.0) 2620.9 (856.2) 3559.0 (1896.7) 3320.6 (2410.1) 1543.3 2666.0
KungFuMaster 10340.9 (8835.7) 4086.6 (3384.5) 14862.5 (4031.6) 17257.2 (5502.6) 12587.8 (6810.0) 16926.6 (6598.3) 17121.2 (7211.6) 15541.2 (5086.1) 616.5 22736.0
MsPacman 560.6 (172.2) 1098.1 (450.9) 1480.0 (288.2) 762.8 (331.5) 1197.1 (544.6) 1273.3 (59.5) 921.0 (306.0) 805.8 (261.1) 235.2 6952.0
NameThisGame 1512.1 (408.3) 2007.9 (367.0) 2420.7 (289.4) 1990.4 (284.7) 2058.1 (103.7) 2114.8 (387.4) 2067.2 (304.8) 1805.3 (453.4) 2136.8 8049.0
Pong -17.4 (5.2) -11.6 (15.9) 12.8 (17.2) 5.2 (9.7) -2.9 (7.3) -2.5 (15.4) -13.9 (7.7) -1.0 (14.9) -20.4 15.0
PrivateEye 16.4 (46.7) 50.8 (43.2) 35.0 (60.2) 58.3 (45.4) 54.4 (49.0) 67.8 (26.4) 88.3 (19.0) 1334.3 (1794.5) 26.6 69571.0
Qbert 480.4 (158.8) 603.7 (150.3) 1288.8 (1677.9) 559.8 (183.8) 899.3 (474.3) 1120.2 (697.1) 534.4 (162.5) 603.4 (138.2) 166.1 13455.0
Riverraid 1285.6 (604.6) 1740.7 (458.1) 1957.8 (758.1) 1587.0 (818.0) 1977.4 (332.7) 2115.1 (106.2) 1318.7 (540.4) 1426.0 (374.0) 1451.0 17118.0
RoadRunner 5724.4 (3093.1) 1228.8 (1025.9) 5640.6 (3936.6) 5169.4 (3939.0) 1586.2 (1574.1) 8414.1 (4542.8) 722.2 (627.2) 4366.2 (3867.8) 0.0 7845.0
Seaquest 419.5 (236.2) 289.6 (110.4) 683.3 (171.2) 370.9 (128.2) 364.6 (138.6) 337.8 (79.0) 247.8 (72.4) 350.0 (136.8) 61.1 42055.0
UpNDown 1329.3 (495.3) 926.7 (335.7) 3350.3 (3540.0) 2152.6 (1192.4) 1291.2 (324.6) 1250.6 (493.0) 1828.4 (688.3) 2136.5 (2095.0) 488.4 11693.0
YarsRevenge 3014.9 (397.4) 3291.4 (1097.3) 5664.3 (1870.5) 2980.2 (778.6) 2934.2 (459.2) 3366.6 (493.0) 2673.7 (216.8) 4666.1 (1889.4) 3121.2 54577.0
22