Published as a conference paper at ICLR 2020
Table 4: Models comparison. Scores of median (left) and best (right) models out of five training runs. Right most columns presents score for random agent and human.
Game Ours, deterministic Ours, det. recurrent Ours, SD long Ours, SD Ours, SD γ= 0.90 Ours, SD γ= 0.95 SD 100 steps Ours, SD 25 steps random human
Alien 354.4 516.6 299.2 381.1 515.9 1030.5 409.2 586.9 411.9 530.5 567.3 682.7 399.5 522.3 525.5 792.8 184.8 7128.0
Amidar 58.0 84.8 82.7 118.4 80.2 102.7 85.1 114.0 55.1 58.9 84.3 101.4 45.2 47.5 93.1 137.7 11.8 1720.0
Assault 334.4 560.1 566.6 627.2 509.1 671.1 355.7 527.9 369.1 614.4 508.4 722.5 322.9 391.1 701.4 1060.3 233.7 742.0
Asterix 529.7 1087.5 1798.4 2282.0 1065.6 1485.2 1158.6 1393.8 805.5 1159.4 923.4 1034.4 813.3 1000.0 1128.1 2313.3 248.8 8503.0
Asteroids 727.3 854.7 827.7 919.8 899.7 955.6 671.2 962.0 885.5 909.1 886.1 949.5 813.8 962.2 657.5 752.7 649.0 47389.0
Atlantis 15587.5 16545.3 15939.1 17778.1 13695.3 34890.6 13645.3 18396.9 19367.2 23046.9 12981.2 23579.7 15020.3 16790.6 12196.9 15728.1 16492.0 29028.0
BankHeist 14.4 16.2 14.7 18.8 31.9 77.5 8.9 13.9 12.3 14.5 12.3 13.1 12.8 17.2 14.1 17.0 15.0 753.0
BattleZone 3312.5 4140.6 4515.6 9312.5 3484.4 5359.4 5390.6 7093.8 2937.5 3343.8 4421.9 4703.1 3500.0 8906.2 3859.4 5734.4 2895.0 37188.0
BeamRider 453.1 515.5 351.4 470.2 580.2 728.8 433.9 512.6 393.5 682.8 446.6 519.2 447.1 544.6 385.7 741.9 372.1 16926.0
Bowling 27.0 36.2 28.4 43.7 28.0 39.6 24.9 55.0 27.7 34.9 22.6 28.6 28.4 39.9 37.0 54.7 24.2 161.0
Boxing -7.1 0.2 3.5 5.0 9.4 21.0 8.3 21.5 6.4 31.5 2.5 15.0 -0.7 2.2 -0.9 20.8 0.3 12.0
Breakout 5.5 9.8 12.5 13.9 16.0 22.8 11.0 19.5 7.4 10.4 10.2 14.1 10.5 16.7 6.9 13.0 0.9 30.0
ChopperCommand 942.2 1167.2 748.4 957.8 909.4 1279.7 1139.1 1909.4 682.8 1045.3 954.7 1010.9 751.6 989.1 1031.2 1329.7 671.0 7388.0
CrazyClimber 20754.7 23831.2 49854.7 80156.2 55795.3 87593.8 41396.9 67250.0 56875.0 58979.7 19448.4 84070.3 53406.2 64196.9 19345.3 43179.7 7339.5 35829.0
DemonAttack 219.2 263.0 135.8 148.4 191.2 288.9 182.4 223.9 160.3 293.8 204.1 312.8 164.4 222.6 187.5 424.8 140.0 1971.0
FishingDerby -94.3 -90.2 -97.3 -94.2 -91.8 -84.3 -91.6 -88.6 -90.0 -85.7 -92.0 -88.8 -90.6 -85.4 -95.0 -90.7 -93.6 -39.0
Freeway 0.0 29.3 29.3 32.2 21.5 32.0 33.5 34.0 31.1 32.0 33.5 33.8 30.0 32.3 29.9 33.5 0.0 30.0
Frostbite 194.5 203.9 213.4 256.2 248.8 266.9 253.1 262.8 246.7 261.7 250.0 255.9 215.8 247.7 249.4 337.5 74.0 -
Gopher 514.7 740.6 270.3 320.9 525.3 845.6 856.9 934.4 874.1 1167.2 604.1 1001.6 726.9 891.6 526.2 845.0 245.9 2412.0
Gravitar 232.8 310.2 219.5 300.0 156.2 233.6 202.3 252.3 223.4 225.8 228.1 243.8 193.8 218.0 93.0 240.6 227.2 3351.0
Hero 71.5 2913.0 75.0 2601.5 2935.0 3061.6 237.5 3133.8 3135.0 3147.5 3066.2 5092.0 3067.3 3256.9 1487.2 2964.8 224.6 30826.0
IceHockey -12.4 -9.9 -14.8 -11.8 -12.3 -7.2 -10.0 -7.7 -11.8 -8.5 -11.6 -10.7 -12.9 -10.0 -12.2 -11.0 -9.7 1.0
Jamesbond 64.8 128.9 64.8 219.5 110.9 141.4 87.5 323.4 25.0 46.9 58.6 69.5 61.7 139.1 139.8 261.7 29.2 303.0
Kangaroo 500.0 828.1 68.8 728.1 62.5 65.6 215.6 909.4 103.1 334.4 34.4 50.0 43.8 1362.5 56.2 1128.1 42.0 3035.0
Krull 852.2 1014.3 1783.6 2943.6 1933.7 3317.5 4264.3 7163.2 1874.8 3554.5 2254.0 3827.1 3142.8 6315.2 3198.2 6833.4 1543.3 2666.0
KungFuMaster 7575.0 20450.0 4848.4 8065.6 14318.8 21054.7 17448.4 21943.8 12964.1 21956.2 20195.3 23690.6 19718.8 25375.0 18025.0 20365.6 616.5 22736.0
MsPacman 557.3 818.0 1178.8 1685.9 1525.0 1903.4 751.2 1146.1 1410.5 1538.9 1277.3 1354.5 866.2 1401.9 777.2 1227.8 235.2 6952.0
NameThisGame 1468.1 1992.7 1826.7 2614.5 2460.0 2782.8 1919.8 2377.7 2087.3 2155.2 1994.8 2570.3 2153.4 2471.9 1964.2 2314.8 2136.8 8049.0
Pong -19.6 -8.5 -17.3 16.7 20.7 21.0 1.4 21.0 -2.0 6.6 3.8 14.2 -17.9 -2.0 -10.1 21.0 -20.4 15.0
PrivateEye 0.0 98.9 75.0 82.8 0.0 100.0 76.6 100.0 75.0 96.9 60.9 100.0 96.9 99.3 100.0 4038.7 26.6 69571.0
Qbert 476.6 702.7 555.9 869.9 656.2 4259.0 508.6 802.7 802.3 1721.9 974.6 2322.3 475.0 812.5 668.8 747.3 166.1 13455.0
Riverraid 1416.1 1929.4 1784.4 2274.5 2360.0 2659.8 1799.4 2158.4 2053.8 2307.5 2143.6 2221.2 1387.8 1759.8 1345.5 1923.4 1451.0 17118.0
RoadRunner 5901.6 8484.4 781.2 2857.8 5906.2 11176.6 2804.7 10676.6 1620.3 4104.7 7032.8 14978.1 857.8 1342.2 2717.2 8560.9 0.0 7845.0
Seaquest 414.4 768.1 236.9 470.6 711.6 854.1 386.9 497.2 330.9 551.2 332.8 460.9 274.1 317.2 366.9 527.2 61.1 42055.0
UpNDown 1195.9 2071.1 1007.5 1315.2 1616.1 8614.5 2389.5 3798.3 1433.3 1622.0 1248.6 1999.4 1670.3 2728.0 1825.2 5193.1 488.4 11693.0
YarsRevenge 3047.0 3380.5 3416.3 4230.8 6580.2 7547.4 2435.5 3914.1 2955.9 3314.5 3434.8 3896.3 2745.3 2848.1 4276.3 6673.1 3121.2 54577.0
24