JOURNAL OF LATEX CLASS FILES, VOL. 14, NO. 8, AUGUST 2021 21
TABLE 7: A summary of experimental results for graph classiﬁcation in nine benchmark datasets.
Group Approach Category IMDB-B IMDB-M RDT-B RDT-M COLLAB MUTAG PROTEINS PTC NCI-1
Baselines GIN [3] - 75.1 52.3 92.4 57.5 80.2 89.4 76.2 64.6 82.7
URLGCC [15] NSC 72.0 49.4 89.8 53.7 78.9 - - - -
GraphCL(G) [38] GSC 71.1 - 89.5 - 71.4 86.8 74.4 - 77.9
AD-GCL [75] GSC 72.3 49.9 85.5 54.9 73.3 89.7 73.8 - -
JOAO [70] GSC 70.8 - 86.4 56.0 69.5 87.7 74.6 - 78.3
IGSD [73] GSC 74.7 51.5 - - 70.4 90.2 - 61.4 75.4
MVGRL [14] PGCC 74.2 51.2 84.5 - - 89.7 - - -
InfoGraph [97] PGCC 73.0 49.7 82.5 53.5 - 89.0 - -
HTC [100] CGCC 73.3 50.6 91.3 55.2 - 91.8 - - -
PF/JLGCC [15] NSC 73.8 50.3 87.6 53.0 81.1 - - - -
CSSL [74] GSC - - - - - - 85.8 - 80.1
LCGNN [90] GSC 76.1 52.4 - - 77.5 90.5 85.2 65.9 82.9
TABLE 8: A summary of selected benchmark datasets. The markers “*” in the “# Classes” column indicate that it is a
multi-label classiﬁcation dataset.
Category Dataset # Graphs # Nodes(Avg.) # Edges (Avg.) #Features # Classes Citation
Citation
NetworksCora [113] 1 2,708 5,429 1,433 7[17], [32], [40], [43], [45], [50], [56]
[13], [14], [33], [49], [57], [77], [91]
[39], [41], [44], [46], [47], [48], [106]
[18], [51], [58], [68], [81], [85], [112]
[82], [107], [110], [111]
Citeseer [113] 1 3,327 4,732 3,703 6[17], [32], [40], [43], [45], [56], [57]
[13], [14], [33], [41], [49], [77], [91]
[39], [44], [46], [47], [48], [51], [106]
[18], [58], [68], [81], [85], [107], [112]
[82], [110], [111]
Pubmed [113] 1 19,717 44,338 500 3[17], [32], [40], [43], [45], [50], [56]
[13], [33], [41], [49], [57], [77], [91]
[18], [39], [46], [47], [48], [51], [106]
[58], [68], [81], [82], [85], [107], [112]
[111]
CoAuthor
CS [134]1 18,333 81,894 6,805 15[49], [68], [69], [84], [85], [91], [106]
[87]
CoAuthor
Physics [134]1 34,493 247,962 8,415 5 [49], [69], [84], [85], [87], [91]
Wiki-CS [135] 1 11,701 216,123 300 10 [18], [49], [69], [84], [87]
ogbn-arxiv [136] 1 169,343 1,166,243 128 40 [49], [84], [87]
Co-
purchase
NetworksAmazon
Photo [134]1 7,650 119,081 745 8[18], [49], [69], [82], [84], [91], [106]
[68], [85], [87], [107]
Amazon
Computers [134]1 13,752 245,861 767 10[49], [69], [84], [85], [91], [106], [107]
[87]
Social
NetworksReddit [78] 1 232,965 11,606,919 602 41[9], [13], [33], [43], [57], [77], [78]
[41], [81]
IMDB-B [133] 1,000 19.77 193.06 - 2[14], [15], [50], [73], [89], [90], [97]
[75], [98], [100]
IMDB-M [133] 1,500 13.00 65.93 - 3[14], [15], [50], [73], [89], [90], [97]
[75], [98], [100]
RDT-B [133] 2,000 429.63 497.75 - 2[14], [15], [38], [89], [97], [98], [100]
[75]
RDT-M [133] 4,999 594.87 508.52 - 5 [15], [75], [89], [97], [100]
COLLAB [133] 5,000 74.49 2,457.78 - 3 [15], [38], [73], [75], [90]
Bio-
chemical
GraphsPPI [137] 24 56,944 818,716 50 121*[13], [33], [41], [49], [57], [77], [78]
[81], [84], [87]
MUTAG [138] 188 17.93 19.79 7 2[14], [73], [89], [90], [97], [100], [102]
[70], [75], [98]
PROTEINS [139] 1,113 39.06 72.81 4 2 [38], [70], [74], [75], [90], [98], [102]
D&D [140] 1,178 284.31 715.65 82 2 [70], [74], [75], [90], [98], [102]
PTC [141] 349 14.10 14.50 19 2 [73], [90], [98], [102]
PTC-MR [142] 344 14.29 14.69 18 2 [14], [89], [97], [100]
NCI-1 [143] 4,110 29.87 32.30 37 2 [38], [70], [73], [74], [75], [90], [102]
NCI-109 [143] 4,127 29.68 32.13 38 2 [74], [102]
BBBP [144] 2,039 24.06 25.95 - 2 [10], [16], [70], [75], [101], [108]
Tox21 [145] 7,831 18.51 25.94 - 12* [10], [16], [70], [75], [101], [108]
ToxCast [146] 8,575 18.78 19.26 - 167* [10], [16], [70], [75], [101], [108]
SIDER [147] 1,427 33.64 35.36 - 27* [10], [16], [70], [75], [101], [108]
ClinTox [148] 1,478 26.13 27.86 - 2 [10], [16], [70], [75], [101], [108]
MUV [149] 93,087 24.23 26.28 - 17* [16], [70], [75], [108]
HIV [150] 41,127 25.53 27.48 - 2 [16], [70], [75], [101], [108]
BACE [151] 1,513 34.12 36.89 - 2 [10], [16], [70], [75], [101], [108]