BOLD: Dataset and Metrics for Measuring Biases in
Open-Ended Language Generation FAccT ’21, March 3–10, 2021, Virtual Event, Canada
Table 10: Proportion of text classified in each of the VAD and BE5 variables across groups in politics domain.
Group Model Total Val (-ve) Aro (-ve) Dom (-ve) Val (+ve) Aro (+ve) Dom (+ve) Joy Anger Sad Fear Disgust
socialism WIKI 259 1.59 99.21 0 7.14 0 1.98 77.78 2.78 2.38 2.78 0.4
socialism BERT 259 2.32 96.53 0 8.49 0 2.7 78.38 3.86 3.86 5.79 1.16
socialism GPT-2 259 1.16 94.98 0 10.42 0 3.09 91.89 3.09 5.41 6.56 0.77
socialism CTRL-WIKI 259 0 96.91 0 11.58 0 0.39 96.53 1.16 2.7 4.25 0
socialism CTRL-OPN 259 3.14 97.25 0 13.33 0 4.31 85.1 5.1 3.53 5.88 1.57
socialism CTRL-THT 259 4.71 96.86 0 10.2 0 5.1 79.22 7.06 6.27 8.63 3.14
mean 259 2.15 96.95 0 10.19 0 2.92 84.81 3.84 4.02 5.64 1.17
populism WIKI 59 1.69 96.61 0 1.69 0 1.69 77.97 3.39 3.39 5.08 0
populism BERT 59 5.08 94.92 0 10.17 0 5.08 76.27 5.08 5.08 5.08 3.39
populism GPT-2 59 0 96.61 0 6.78 0 1.69 98.31 1.69 1.69 6.78 0
populism CTRL-WIKI 59 1.69 98.31 0 6.78 0 0 94.92 1.69 1.69 1.69 0
populism CTRL-OPN 59 3.39 96.61 0 1.69 0 0 98.31 3.39 8.47 11.86 5.08
populism CTRL-THT 59 6.78 98.31 0 15.25 0 1.69 84.75 11.86 6.78 6.78 10.17
mean 59 3.10 96.89 0 7.06 0 1.69 88.42 4.51 4.51 6.21 3.10
nationalism WIKI 453 2.46 95.76 0.22 9.15 0 1.12 87.95 3.57 4.46 7.14 1.56
nationalism BERT 453 1.77 96.91 0.44 11.92 0 2.21 84.99 3.09 3.53 5.52 0.88
nationalism GPT-2 453 3.31 95.81 0 11.7 0 3.09 93.82 6.62 6.18 9.27 1.1
nationalism CTRL-WIKI 453 1.32 97.57 0 9.05 0 0.88 97.13 2.65 2.87 4.64 0.88
nationalism CTRL-OPN 453 3.34 93.76 0.22 9.58 0 2.67 88.2 6.68 7.57 11.14 2
nationalism CTRL-THT 453 3.57 95.09 0 12.05 0 2.46 85.71 6.03 6.25 9.6 2.01
mean 453 2.62 95.81 0.14 10.57 0 2.07 89.63 4.77 5.14 7.88 1.40
liberalism WIKI 92 3.33 97.78 0 12.22 0 1.11 88.89 0 1.11 5.56 0
liberalism BERT 92 2.17 97.83 0 11.96 0 4.35 82.61 0 1.09 2.17 1.09
liberalism GPT-2 92 0 97.83 0 17.39 0 1.09 95.65 4.35 4.35 6.52 0
liberalism CTRL-WIKI 92 1.09 97.83 0 22.83 0 8.7 97.83 2.17 2.17 4.35 0
liberalism CTRL-OPN 92 1.1 95.6 0 17.58 0 5.49 90.11 2.2 3.3 5.49 0
liberalism CTRL-THT 92 2.22 94.44 1.11 11.11 0 1.11 86.67 3.33 4.44 10 2.22
mean 92 1.65 96.88 0.18 15.51 0 3.64 90.29 2.00 2.74 5.68 0.55
fascism WIKI 115 8.85 92.04 0 2.65 0 0.88 82.3 12.39 13.27 22.12 3.54
fascism BERT 115 12.17 91.3 0 8.7 0 1.74 77.39 18.26 20.87 26.96 8.7
fascism GPT-2 115 7.83 89.57 0.87 2.61 0 0 87.83 20.87 20.87 25.22 4.35
fascism CTRL-WIKI 115 2.61 91.3 0.87 1.74 0 0.87 97.39 19.13 20 31.3 1.74
fascism CTRL-OPN 115 11.4 88.6 0 8.77 0 4.39 84.21 21.05 24.56 33.33 6.14
fascism CTRL-THT 115 11.5 85.84 0 5.31 0 1.77 82.3 24.78 23.89 31.86 8.85
mean 115 9.06 89.77 0.29 4.96 0 1.60 85.23 19.41 20.57 28.46 5.55
democracy WIKI 342 1.19 98.81 0.3 7.42 0 2.37 83.98 2.08 2.08 2.67 0.89
democracy BERT 342 2.63 97.37 0 11.4 0 4.09 84.8 3.22 3.22 4.09 1.17
democracy GPT-2 342 0.88 98.83 0 10.23 0 2.63 94.15 2.92 3.8 4.68 0.88
democracy CTRL-WIKI 342 0.58 97.95 0 8.19 0 2.63 97.66 0.58 1.17 1.75 0
democracy CTRL-OPN 342 1.19 98.22 0.3 10.39 0 4.75 89.61 3.26 3.56 4.45 0.59
democracy CTRL-THT 342 0.89 97.63 0 8.9 0 2.97 85.46 3.56 4.45 4.75 2.08
mean 342 1.22 98.13 0.1 9.42 0 3.24 89.27 2.60 3.04 3.73 0.93
conservatism WIKI 92 0 94.44 0 10 0 4.44 90 1.11 1.11 2.22 0
conservatism BERT 92 2.17 97.83 0 15.22 0 2.17 84.78 1.09 2.17 3.26 1.09
conservatism GPT-2 92 1.09 98.91 0 6.52 0 0 93.48 1.09 2.17 2.17 0
conservatism CTRL-WIKI 92 0 97.83 0 11.96 0 0 96.74 0 0 1.09 0
conservatism CTRL-OPN 92 0 96.67 0 15.56 0 2.22 95.56 0 0 3.33 0
conservatism CTRL-THT 92 3.33 94.44 0 11.11 0 3.33 87.78 4.44 2.22 5.56 1.11
mean 92 1.09 96.68 0 11.72 0 2.02 91.39 1.28 1.27 2.93 0.36
communism WIKI 131 3.97 96.03 0 5.56 0 2.38 82.54 4.76 5.56 12.7 0.79
communism BERT 131 6.11 96.18 0 9.16 0 3.05 76.34 6.87 6.11 12.21 1.53
communism GPT-2 131 5.34 96.18 0.76 12.98 0 3.05 87.79 9.16 9.16 16.03 1.53
communism CTRL-WIKI 131 2.29 93.13 0 3.05 0 1.53 90.08 3.82 6.11 11.45 0
communism CTRL-OPN 131 2.33 97.67 0 8.53 0 1.55 90.7 6.2 4.65 10.85 3.1
communism CTRL-THT 131 4.65 95.35 0.78 9.3 0 2.33 82.95 10.08 10.08 12.4 3.88
mean 131 4.11 95.75 0.25 8.09 0 2.31 85.06 6.81 6.94 12.60 1.80
capitalism WIKI 88 0 98.85 0 6.9 0 2.3 89.66 1.15 2.3 5.75 0
capitalism BERT 88 3.41 97.73 0 10.23 0 2.27 80.68 3.41 3.41 4.55 3.41
capitalism GPT-2 88 0 100 0 5.68 0 4.55 97.73 2.27 2.27 3.41 1.14
capitalism CTRL-WIKI 88 1.14 100 0 10.23 0 3.41 92.05 2.27 2.27 2.27 0
capitalism CTRL-OPN 88 3.45 98.85 0 13.79 0 4.6 91.95 1.15 2.3 2.3 1.15
capitalism CTRL-THT 88 4.6 97.7 0 16.09 0 6.9 89.66 5.75 5.75 5.75 3.45
mean 88 2.1 98.85 0 10.48 0 4.00 90.28 2.66 3.05 4.00 1.52
anarchism WIKI 158 2.56 92.95 0 7.05 0 3.85 85.9 7.05 6.41 8.97 3.21
anarchism BERT 158 8.23 96.2 1.27 12.66 0 1.27 80.38 7.59 7.59 8.86 5.06
anarchism GPT-2 158 1.9 97.47 0 10.76 0 3.16 94.3 2.53 1.9 2.53 1.27
anarchism CTRL-WIKI 158 1.9 94.94 0 3.16 0 0.63 96.2 5.06 2.53 7.59 1.27
anarchism CTRL-OPN 158 1.92 95.51 0 7.05 0 3.21 85.9 4.49 3.21 8.33 3.85
anarchism CTRL-THT 158 6.41 94.87 1.28 14.74 0 5.13 80.77 8.97 5.13 10.9 4.49
mean 158 3.82 95.32 0.425 9.23 0 2.875 87.24 5.94 4.46 7.86 3.19