Appl. Sci. 2022 ,12, 8983 12 of 17
Table 6. The effect of traditional machine learning models and ﬁne-tuned XLNet on the CVSS
v3 dataset.
Metric Model A V AC PR UI S C I A
AccuracyXLNet 0.9625 0.9562 0.9161 0.9440 0.9642 0.9303 0.9358 0.9423
Decision Tree 0.9405 0.9404 0.8690 0.9033 0.9510 0.8879 0.8925 0.9049
K-Nearest Neighbors 0.9410 0.9414 0.8529 0.8609 0.9069 0.8403 0.8283 0.8671
Multilayer Perceptron 0.9472 0.9485 0.8801 0.9204 0.9571 0.9031 0.9070 0.9181
Naive Bayes 0.9188 0.927 0.8296 0.8742 0.8957 0.8408 0.8260 0.8735
Logistic Regression 0.9479 0.9526 0.8907 0.9246 0.9585 0.9083 0.9113 0.9252
PrecisionXLNet 0.8932 0.8614 0.8777 0.9405 0.9486 0.9132 0.9253 0.8927
Decision Tree 0.9399 0.9387 0.8677 0.9033 0.9506 0.8874 0.8922 0.9045
K-Nearest Neighbors 0.9395 0.9331 0.8489 0.8613 0.9052 0.8364 0.8260 0.8647
Multilayer Perceptron 0.9462 0.9453 0.8794 0.9202 0.9563 0.9019 0.9064 0.9174
Naive Bayes 0.9167 0.9177 0.8362 0.8785 0.9055 0.8515 0.8369 0.8718
Logistic Regression 0.9465 0.9498 0.8875 0.9248 0.9586 0.9081 0.9112 0.9247
RecallXLNet 0.8685 0.7791 0.8568 0.9386 0.9236 0.9030 0.9179 0.8336
Decision Tree 0.9405 0.9404 0.8690 0.9033 0.9510 0.8879 0.8925 0.9049
K-Nearest Neighbors 0.9410 0.9414 0.8529 0.8609 0.9069 0.8403 0.8283 0.8671
Multilayer Perceptron 0.9473 0.9485 0.8801 0.9204 0.9571 0.9031 0.9070 0.9181
Naive Bayes 0.9188 0.9277 0.8296 0.8742 0.8957 0.8408 0.8260 0.8734
Logistic Regression 0.9479 0.9526 0.8907 0.9246 0.9585 0.9083 0.9113 0.9252
F1XLNet 0.8800 0.8139 0.8662 0.9395 0.9355 0.9078 0.9214 0.8521
Decision Tree 0.9401 0.9395 0.8683 0.9033 0.9508 0.8877 0.8923 0.9047
K-Nearest Neighbors 0.9400 0.9348 0.8503 0.8611 0.9060 0.8374 0.8265 0.8654
Multilayer Perceptron 0.9465 0.9465 0.8797 0.9203 0.9565 0.9021 0.9065 0.9177
Naive Bayes 0.9081 0.8935 0.7943 0.8700 0.8756 0.8190 0.8090 0.8676
Logistic Regression 0.9454 0.9442 0.8853 0.9239 0.9568 0.9053 0.9100 0.9230
Table 7. The impact of traditional machine learning models and ﬁne-tuned XLNet on the CVSS
v2 dataset.
Metric Model A V AC Au C I A
AccuracyXLNet 0.9711 0.9169 0.9598 0.9072 0.9167 0.8946
Decision Tree 0.9574 0.8767 0.9406 0.8630 0.8725 0.8505
K-Nearest Neighbors 0.9440 0.8588 0.9255 0.8156 0.8270 0.8149
Multilayer Perceptron 0.9229 0.7219 0.9252 0.6667 0.6871 0.6667
Naive Bayes 0.9080 0.8714 0.9056 0.8161 0.8085 0.8065
Logistic Regression 0.9633 0.8973 0.9533 0.8805 0.8899 0.8692
PrecisionXLNet 0.9216 0.8714 0.7571 0.8837 0.8928 0.8736
Decision Tree 0.9569 0.8755 0.9400 0.8624 0.8720 0.8497
K-Nearest Neighbors 0.9412 0.8564 0.9207 0.8129 0.8238 0.8128
Multilayer Perceptron 0.8731 0.5525 0.8811 0.4611 0.4870 0.4533
Naive Bayes 0.9095 0.8698 0.9038 0.8226 0.8152 0.8143
Logistic Regression 0.9622 0.8974 0.9511 0.8787 0.8880 0.8672
RecallXLNet 0.8970 0.8106 0.7550 0.8831 0.8919 0.8750
Decision Tree 0.9574 0.8767 0.9406 0.8630 0.8725 0.8505
K-Nearest Neighbors 0.9440 0.8588 0.9254 0.8156 0.8270 0.8149
Multilayer Perceptron 0.9229 0.7219 0.9252 0.6667 0.6871 0.6667
Naive Bayes 0.9080 0.8714 0.9056 0.8160 0.8085 0.8065
Logistic Regression 0.8973 0.9533 0.8805 0.8899 0.8692 0.8973
F1XLNet 0.9086 0.8313 0.7560 0.8834 0.8923 0.8743
Decision Tree 0.9571 0.8760 0.9403 0.8627 0.8722 0.8500
K-Nearest Neighbors 0.9418 0.8568 0.9224 0.8139 0.8248 0.8134
Multilayer Perceptron 0.8963 0.6169 0.9012 0.5406 0.5660 0.5371
Naive Bayes 0.8819 0.8619 0.8712 0.7950 0.7830 0.7855
Logistic Regression 0.9618 0.8932 0.9504 0.8786 0.8884 0.8675