J. Zhang, C. Li, S. Kosov et al. Pattern Recognition  115 (2021) 107885 Table 5 ( continued  ) 
EM Methods  Evaluation  Metrics EM Methods  Evaluation  Metrics EM Methods  Evaluation  Metrics 
D J P R A V D J P R A V D J P R A V 
(m) U-Net 88.76 80.63 95.40 84.50 97.25 19.37 
(n) U-Net 84.62 74.52 88.08 83.31 97.76 25.48 
(o) U-Net 93.06 87.23 95.23 91.36 97.38 12.77 
U-Net-BI  91.02 83.78 91.55 91.03 97.67 16.22 U-Net-BI  81.60 72.46 82.87 80.83 97.44 27.54 U-Net-BI  93.07 87.34 92.84 93.66 97.46 12.66 
LCU-Net  89.14 81.95 87.43 92.19 96.39 18.05 LCU-Net  84.86 75.70 88.70 83.73 97.96 24.30 LCU-Net  92.67 86.50 93.37 92.63 97.32 13.50 
U-Net + 91.46 84.65 95.51 88.38 97.86 15.35 U-Net + 86.63 77.51 87.12 87.77 97.98 22.49 U-Net + 93.43 87.89 95.18 92.02 97.59 12.11 
U-Net-BI  + 92.23 85.80 93.23 91.60 98.02 14.20 U-Net-BI  + 83.60 74.85 83.06 84.45 97.60 25.15 U-Net-BI  + 92.96 87.26 93.96 92.26 97.46 12.74 
LCU-Net  + 89.87 83.24 88.76 92.61 96.44 16.76 LCU-Net  + 85.68 76.69 89.49 84.58 98.06 23.31 LCU-Net  + 93.12 87.25 95.14 91.62 97.49 12.75 
Otsu 51.66 41.92 45.70 93.14 60.62 58.08 Otsu 50.54 40.88 41.58 96.80 66.80 59.12 Otsu 81.89 72.00 78.66 91.81 86.40 28.00 
Canny 72.96 59.94 60.50 98.60 89.60 40.06 Canny 58.66 48.92 49.54 78.62 91.03 51.08 Canny 82.68 84.44 84.44 96.10 96.33 15.56 
Watershed  58.66 45.73 62.14 66.26 86.71 54.27 Watershed  50.63 41.24 53.39 62.44 87.21 58.76 Watershed  86.87 77.41 88.06 87.17 95.14 22.59 
k -means 32.19 24.88 26.46 66.89 63.76 75.12 k -means 43.26 35.96 37.04 67.48 81.26 64.04 k -means 53.16 45.87 53.93 61.56 77.84 54.13 
MRF 46.34 37.67 45.09 63.34 70.34 62.33 MRF 37.39 28.75 29.57 93.29 48.98 71.25 MRF 78.00 68.09 68.89 97.83 83.00 31.91 
RG 51.27 39.86 45.21 92.88 54.15 60.14 RG 64.98 57.03 69.86 86.28 71.19 42.97 RG 58.39 46.76 56.30 90.00 56.66 53.24 
SegNet 88.40 80.01 86.04 91.83 96.89 19.99 SegNet 79.92 71.45 76.32 85.24 96.59 28.55 SegNet 92.68 86.44 91.69 94.15 97.14 13.56 
(p) U-Net 89.80 82.23 97.22 84.41 97.59 17.77 
(q) U-Net 89.28 83.16 87.97 94.22 97.95 16.84 
(r) U-Net 93.08 87.27 98.93 88.16 95.07 12.73 
U-Net-BI  92.89 87.08 97.77 88.93 98.27 12.92 U-Net-BI  87.21 80.41 82.19 97.77 97.95 19.59 U-Net-BI  95.23 90.96 97.91 92.84 96.47 9.04 
LCU-Net  92.98 87.18 97.57 89.15 98.33 12.82 LCU-Net  86.19 80.22 83.02 96.35 97.34 19.78 LCU-Net  94.18 89.07 97.92 90.85 95.81 10.93 
U-Net + 90.04 82.64 97.17 84.85 97.64 17.36 U-Net + 88.65 82.43 87.38 94.21 97.69 17.57 U-Net + 93.71 88.31 99.13 89.06 95.58 11.69 
U-Net-BI  + 91.90 85.43 97.76 87.18 98.06 14.57 U-Net-BI  + 86.76 79.87 83.43 95.46 97.84 20.13 U-Net-BI  + 94.89 90.35 98.51 91.69 96.48 9.65 
LCU-Net  + 92.40 86.18 97.74 87.93 98.22 13.82 LCU-Net  + 84.94 78.99 82.92 95.22 96.79 21.01 LCU-Net  + 94.12 88.99 98.57 90.18 95.82 11.01 
Otsu 58.89 48.05 57.65 77.64 75.02 51.95 Otsu 30.04 23.52 26.21 97.30 29.84 76.48 Otsu 73.25 63.89 70.33 93.31 68.78 36.11 
Canny 65.46 54.89 56.50 97.17 77.66 45.11 Canny 68.81 60.51 61.93 88.19 87.95 39.49 Canny 93.34 87.71 95.55 91.57 95.46 12.29 
Watershed  83.95 76.86 86.78 89.09 88.97 23.14 Watershed  75.71 70.45 75.08 84.80 91.40 29.55 Watershed  90.56 83.16 91.75 90.27 93.60 16.84 
k -means 35.76 29.06 36.01 52.81 73.97 70.94 k -means 22.88 16.54 17.31 89.23 26.35 83.46 k -means 44.09 35.65 41.06 64.40 57.64 64.35 
MRF 72.88 62.65 74.85 86.65 82.23 37.35 MRF 71.57 62.06 67.63 93.71 80.57 37.94 MRF 71.04 59.07 83.40 74.37 77.65 40.93 
RG 66.66 54.98 70.07 83.61 73.16 45.02 RG 37.21 29.03 36.23 92.70 35.78 70.97 RG 62.75 48.82 60.65 87.78 56.71 51.18 
SegNet 92.31 86.21 95.29 90.45 98.11 13.79 SegNet 83.97 77.62 80.59 96.35 96.64 22.38 SegNet 93.57 88.03 97.22 90.54 95.43 11.97 
(s) U-Net 91.56 85.20 99.72 85.43 98.37 14.80 
(t) U-Net 80.01 68.72 97.60 70.06 93.57 31.28 
(u) U-Net 94.86 90.32 99.80 90.49 97.52 9.68 
U-Net-BI  95.03 90.82 98.50 92.17 98.94 9.18 U-Net-BI  89.79 82.25 97.45 84.23 96.16 17.75 U-Net-BI  95.76 91.95 98.51 93.21 97.85 8.05 
LCU-Net  92.20 86.37 98.76 87.50 98.20 13.63 LCU-Net  87.07 78.74 96.75 81.18 95.18 21.26 LCU-Net  96.44 93.18 98.44 94.59 98.19 6.82 
U-Net + 91.61 85.18 99.71 85.40 98.35 14.82 U-Net + 81.43 70.60 97.82 71.89 93.90 29.40 U-Net + 94.64 89.93 99.81 90.09 97.46 10.07 
U-Net-BI  + 93.63 88.37 99.64 88.66 98.72 11.63 U-Net-BI  + 89.79 82.30 98.73 83.22 96.17 17.70 U-Net-BI  + 94.71 90.08 98.99 90.93 97.43 9.92 
LCU-Net  + 90.97 84.36 99.15 85.12 97.99 15.64 LCU-Net  + 87.32 79.11 97.64 80.82 95.27 20.89 LCU-Net  + 95.24 91.01 98.99 91.91 97.73 8.99 
Otsu 40.28 33.47 40.85 81.99 48.48 66.53 Otsu 45.84 37.62 50.22 66.33 65.49 62.38 Otsu 83.78 75.20 84.21 89.96 86.09 24.80 
Canny 57.15 50.79 53.33 97.16 61.44 49.21 Canny 65.65 55.66 59.43 95.10 74.53 44.34 Canny 94.61 89.95 92.67 96.90 97.29 10.05 
Watershed  63.62 56.80 71.38 75.32 81.57 43.20 Watershed  53.94 41.84 75.68 64.57 73.45 58.16 Watershed  74.09 69.24 77.64 71.37 90.15 30.76 
k -means 40.64 33.98 43.14 80.83 49.76 66.02 k -means 21.65 16.86 22.86 43.63 62.27 83.14 k -means 58.84 52.88 61.99 59.87 84.82 47.12 
MRF 53.15 48.06 52.74 95.29 52.46 51.94 MRF 63.25 54.90 68.43 75.36 72.29 45.10 MRF 75.49 67.62 68.60 98.93 71.03 32.38 
RG 70.00 59.52 76.51 82.98 74.94 40.48 RG 69.03 58.15 77.54 79.05 76.89 41.85 RG 58.44 46.41 49.23 97.17 48.64 53.59 
SegNet 91.79 85.61 97.23 87.92 98.32 14.39 SegNet 86.82 78.32 97.58 79.91 95.13 21.68 SegNet 96.31 92.92 98.17 94.59 98.13 7.08 
11