J. Zhang, C. Li, S. Kosov et al. Pattern Recognition  115 (2021) 107885 Table 5 
The average segmentation  indices for each EM category.  For short, Region Growing,  Dice, Jaccard, Precision,  Recall, Accuracy,  and VOE are abbreviated  to RG, D, J, P, R, A, and V, respectively.  (In % ). 
EM Methods  Evaluation  Metrics 
EM Methods  Evaluation  Metrics 
EM Methods  Evaluation  Metrics 
D J P R A V D J P R A V D J P R A V 
(a) U-Net 71.80 57.47 95.19 59.13 97.53 42.53 
(b) U-Net 94.87 91.18 98.58 92.54 97.50 8.82 
(c) U-Net 94.06 88.86 96.24 92.19 99.70 11.14 
U-Net-BI  72.00 57.61 91.10 60.98 97.42 42.39 U-Net-BI  96.63 93.69 95.67 97.94 98.15 6.31 U-Net-BI  93.38 87.66 92.40 94.61 99.64 12.34 
LCU-Net  72.17 57.82 92.49 60.76 97.50 42.18 LCU-Net  97.31 94.98 96.15 98.78 98.49 5.02 LCU-Net  94.28 89.29 95.32 93.44 99.71 10.71 
U-Net + 71.83 57.46 95.30 59.27 97.52 42.54 U-Net + 95.19 91.73 98.87 92.77 97.66 8.27 U-Net + 93.97 88.74 94.88 93.41 99.69 11.26 
U-Net-BI  + 71.30 56.76 93.78 59.19 97.41 43.24 U-Net-BI  + 97.47 95.24 96.91 98.28 98.63 4.76 U-Net-BI  + 93.02 87.09 93.41 93.11 99.62 12.91 
LCU-Net  + 72.16 57.86 95.80 59.52 97.57 42.14 LCU-Net  + 97.69 95.69 96.98 98.67 98.71 4.31 LCU-Net  + 94.30 89.38 96.14 92.82 99.71 10.62 
Otsu 31.12 24.88 32.60 81.96 41.41 75.12 Otsu 73.32 63.24 64.26 98.64 71.46 36.76 Otsu 4.49 2.31 2.31 89.49 14.31 97.69 
Canny 27.42 19.37 19.54 99.16 36.52 80.63 Canny 76.29 66.33 66.88 99.13 77.18 33.67 Canny 13.90 10.14 10.15 99.96 25.33 89.86 
Watershed  32.05 26.13 32.14 83.53 44.12 73.87 Watershed  67.02 58.11 62.61 85.35 74.54 41.89 Watershed  12.22 9.87 10.58 69.11 44.02 90.13 
k -means 14.73 10.85 13.04 67.74 40.37 89.15 k -means 52.41 47.40 48.51 68.88 70.18 52.60 k-means  4.38 2.25 2.25 90.00 11.97 97.75 
MRF 30.79 24.17 26.05 95.69 33.50 75.83 MRF 65.40 57.31 57.37 89.97 63.60 42.69 MRF 4.37 2.24 2.24 90.00 12.80 97.76 
RG 32.92 22.67 42.43 78.93 43.08 77.33 RG 87.22 81.51 82.97 98.52 85.31 18.49 RG 11.58 7.84 11.96 95.67 12.16 92.16 
SegNet 71.80 57.21 90.94 61.09 97.42 42.79 SegNet 96.11 92.96 96.41 96.49 97.92 7.04 SegNet 92.91 86.84 93.46 92.63 99.64 13.16 
(d) U-Net 48.83 38.24 62.33 44.24 96.64 61.76 
(e) U-Net 87.46 78.83 85.99 91.19 97.25 21.17 
(f) U-Net 55.43 40.56 66.41 50.04 89.00 59.44 
U-Net-BI  58.27 44.86 65.14 56.97 97.17 55.14 U-Net-BI  84.30 74.51 79.46 94.14 97.62 25.49 U-Net-BI  68.38 52.90 69.14 70.82 90.67 47.10 
LCU-Net  58.18 45.13 64.40 61.85 96.83 54.87 LCU-Net  80.44 70.59 78.79 90.35 97.03 29.41 LCU-Net  63.30 48.02 62.56 71.42 87.94 51.98 
U-Net + 48.33 37.89 58.51 45.64 96.28 62.11 U-Net + 87.49 78.98 85.04 92.56 97.22 21.02 U-Net + 60.79 45.52 60.58 62.28 88.38 54.48 
U-Net-BI  + 58.16 44.90 65.49 57.02 97.12 55.10 U-Net-BI  + 86.38 77.74 81.42 95.20 98.09 22.26 U-Net-BI  + 69.29 53.89 67.94 72.69 90.74 46.11 
LCU-Net  + 59.20 46.29 64.21 60.44 96.68 53.71 LCU-Net  + 82.28 72.93 79.88 91.74 97.22 27.07 LCU-Net  + 64.01 48.94 58.86 76.74 87.11 51.06 
Otsu 4.49 2.32 2.32 90.00 11.32 97.68 Otsu 31.09 24.68 27.66 96.45 29.63 75.32 Otsu 24.72 14.75 14.77 90.01 22.98 85.25 
Canny 7.08 3.76 3.83 96.78 17.31 96.24 Canny 38.84 33.16 33.21 99.91 50.24 66.84 Canny 36.87 23.56 23.67 99.25 39.81 76.44 
Watershed  7.11 4.17 11.19 62.70 41.28 95.83 Watershed  35.94 28.92 33.82 82.44 58.59 71.08 Watershed  30.75 19.25 22.36 81.74 39.34 80.75 
k -means 4.49 2.32 2.32 90.00 11.33 97.68 k -means 14.17 10.11 12.98 61.92 41.06 89.89 k -means 24.72 14.75 14.77 90.01 22.99 85.25 
MRF 4.67 2.41 2.41 90.00 13.17 97.59 MRF 27.95 22.31 22.64 96.18 30.01 77.69 MRF 23.95 14.40 14.41 80.01 32.32 85.60 
RG 5.55 2.88 2.88 100.00 2.88 97.12 RG 19.71 14.97 15.08 99.88 15.20 85.03 RG 31.78 19.71 21.66 95.85 24.91 80.29 
SegNet 56.59 44.05 62.00 56.77 96.48 55.95 SegNet 90.57 83.42 86.77 95.19 98.52 16.58 SegNet 61.32 46.01 55.87 73.80 86.30 53.99 
(g) U-Net 90.11 82.93 86.89 93.82 98.41 17.07 
(h) U-Net 92.77 87.46 92.05 93.74 97.84 12.54 
(i) U-Net 86.57 80.98 97.01 83.51 97.55 19.02 
U-Net-BI  88.18 80.19 82.57 95.73 97.92 19.81 U-Net-BI  93.84 88.97 92.47 95.46 98.12 11.03 U-Net-BI  88.22 81.00 86.92 89.82 96.98 19.00 
LCU-Net  88.43 80.20 81.22 98.08 98.06 19.80 LCU-Net  94.26 89.38 91.73 97.33 98.11 10.62 LCU-Net  88.87 81.90 86.46 91.67 96.93 18.10 
U-Net + 89.87 82.56 85.07 95.79 98.28 17.44 U-Net + 92.99 87.83 91.77 94.41 97.88 12.17 U-Net + 90.37 84.30 97.29 86.66 97.96 15.70 
U-Net-BI  + 88.53 80.59 82.10 97.21 97.99 19.41 U-Net-BI  + 94.05 89.39 93.38 94.90 98.19 10.61 U-Net-BI  + 88.99 82.23 89.57 88.72 97.11 17.77 
LCU-Net  + 88.96 81.04 82.03 98.21 98.16 18.96 LCU-Net  + 94.59 90.00 92.73 96.97 98.23 10.00 LCU-Net  + 89.38 82.49 88.47 90.88 97.01 17.51 
Otsu 47.39 41.79 43.36 86.30 66.37 58.21 Otsu 48.37 38.58 39.34 98.88 45.03 61.42 Otsu 70.77 62.37 68.10 91.17 82.17 37.63 
Canny 50.29 40.19 40.28 99.49 64.59 59.81 Canny 56.84 45.71 46.31 99.04 59.01 54.29 Canny 59.88 53.94 54.63 68.78 89.70 46.06 
Watershed  63.96 55.62 69.74 79.39 79.31 44.38 Watershed  64.85 55.60 69.83 85.37 71.92 44.40 Watershed  69.53 57.41 76.13 73.35 91.25 42.59 
k -means 5.90 3.46 4.22 26.19 73.90 96.54 k -means 14.27 8.53 8.53 50.00 50.66 91.47 k -means 70.40 63.18 71.23 79.46 88.32 36.82 
MRF 34.49 26.47 26.74 86.95 50.06 73.53 MRF 49.80 40.69 40.90 90.44 48.86 59.31 MRF 62.29 54.19 56.04 96.48 72.24 45.81 
RG 15.39 8.55 10.73 92.94 15.52 91.45 RG 40.59 29.67 31.55 97.73 33.01 70.33 RG 61.43 50.09 66.63 83.11 66.07 49.91 
SegNet 89.44 81.90 84.05 96.32 98.11 18.10 SegNet 92.58 86.66 91.45 94.02 97.60 13.34 SegNet 86.48 79.34 87.13 87.92 97.06 20.66 
(j) U-Net 91.36 84.30 88.07 95.13 98.97 15.70 
(k) U-Net 88.48 82.47 98.09 83.70 92.27 17.53 
(l) U-Net 83.32 73.21 92.84 76.63 96.91 26.79 
U-Net-BI  90.49 82.89 85.56 96.26 98.56 17.11 U-Net-BI  94.96 90.66 97.07 93.27 96.08 9.34 U-Net-BI  81.56 72.48 87.23 80.01 96.73 27.52 
LCU-Net  92.39 85.96 89.11 96.10 99.04 14.04 LCU-Net  90.90 84.57 98.02 86.44 93.20 15.43 LCU-Net  85.45 76.71 93.99 81.18 97.56 23.29 
U-Net + 94.87 90.30 93.41 96.41 99.34 9.70 U-Net + 89.39 83.64 98.09 84.92 92.91 16.36 U-Net + 83.62 74.03 90.34 79.37 96.84 25.97 
U-Net-BI  + 93.97 88.79 92.71 95.52 99.02 11.21 U-Net-BI  + 96.51 93.41 98.05 95.31 97.19 6.59 U-Net-BI  + 81.60 72.11 89.23 79.57 96.65 27.89 
LCU-Net  + 94.71 90.01 93.98 95.52 99.34 9.99 LCU-Net  + 92.08 86.35 98.78 87.49 93.95 13.65 LCU-Net  + 86.78 77.63 96.70 80.49 97.53 22.37 
Otsu 40.02 30.44 35.81 92.00 49.12 69.56 Otsu 62.33 47.70 48.42 98.31 53.08 52.30 Otsu 71.38 59.30 77.37 78.35 87.15 40.70 
Canny 39.67 29.82 29.89 99.78 51.99 70.18 Canny 96.33 93.08 94.33 98.69 97.26 6.92 Canny 81.01 70.90 74.55 94.04 95.34 29.10 
Watershed  52.79 46.33 53.16 81.29 69.19 53.67 Watershed  81.31 70.81 93.14 76.38 88.34 29.19 Watershed  58.03 44.56 81.04 49.56 92.10 55.44 
k -means 26.83 21.05 29.99 60.11 58.32 78.95 k -means 37.23 26.15 27.25 64.81 46.37 73.85 k -means 49.35 42.78 54.31 46.28 92.75 57.22 
MRF 39.99 30.49 30.55 99.77 49.66 69.51 MRF 75.89 65.49 68.13 91.39 74.99 34.51 MRF 71.41 62.50 66.58 95.17 77.90 37.50 
RG 17.96 12.91 13.49 99.26 14.38 87.09 RG 86.09 79.67 81.82 93.89 86.27 20.33 RG 48.54 37.82 55.08 82.21 53.31 62.18 
SegNet 88.80 80.08 82.95 95.92 98.62 19.92 SegNet 85.97 79.80 98.06 81.63 91.58 20.20 SegNet 81.47 71.89 79.96 89.03 96.06 28.11 
( continued  on next page ) 
10