SVM  Naive Bayes  AdaBoost  
SpamBase  PSO 92.84 (2.83)  92.31 (1.56)  92.75 (2.35)  
ACO  91.87 (1.83)  89.76 (2.82)  90.66 (2.91)  
ABC  90.32 (2.09)  89.91 (1.93)  91.91 (3.13)  
DE 88.78 (2.54)  88.32 (2.19)  89.94 (2.87)  
GSA  88.09 (1.96)  87.98 (2.02)  88.27 (2.62)  
FA 87.91 (2.17)  92.04 (1.82)  90.45 (1.93)  
BA 90. 83 (2.94)  89.73 (2.37)  90.65 (1.76)  
COA  91.16 (1.65)  90.83 (2.74)  90.77 (1.84)  
GWO  91.73 (1.87)  91.85 (3.09)  91.84 (2.90)  
WOA  88.64 (2.37)  88.93 (2.18)  90.38 (1.45)  
SSA 90.19 (2.26)  90.06 (1.78)  90.19 (2.89)  
Sonar  PSO 88.14 (2.47)  87.91 (2. 29) 86.93 (3.11)  
ACO  88.78 (2.87)  87.32 (3. 42) 85.81 (2.63)  
ABC  87.93 (1.82)  87.12 (2.81)  86.78 (1.15)  
DE 85.15 (2.78)  85.19 (2.22)  84.93 (2.81)  
GSA  84.71 (1.69)  85.11 (1.34)  85.62 (1.83)  
FA 84.92 (2.38)  84.19 (2.41)  86.62 (3.19)  
BA 84.03 (1.83)  84.66 (3.83)  85.92 (2.58 ) 
COA  84.73 (2.48)  89.84 (2.14)  85.28 (1.94)  
GWO  85.42 (1.19)  85.31 (2.27)  85.73 (2.08)  
WOA  86.11 (2.78)  85.65 (2.48)  85.98 (2.69)  
SSA 87.04 (3.02)  87.26 (2.19)  86.12 (2.73)  
Arrhythmia  PSO 86.41 (2.71)  86.05 (2.61)  85.94 (2.37)  
ACO  84.92 (2.38)  86.23 (2.75)  85.71 (2.83)  
ABC  85.14 (2.83)  85.72 (1.85)  84.31 (1.86)  
DE 82.28 (3.07)  84.78 (2.39)  83.81 (2.35)  
GSA  81.79 (2.47)  84.18 (2.61)  84.21 (2.66)  
FA 82.29 (1.74)  83.28 (1.95)  82.18 (1.97)  
BA 83.36 (2.85)  84.73 (2.91)  83.46 (2.74)  
COA  83.91 (2.79)  88.91 (2.63)  82.31 (2.81)  
GWO  82.05 (1.96)  85.34 (1.79)  84.92 (1.70)  
WOA  83.38 (1.45)  83.61 (2.94)  83.38 (2.44)  
SSA 81.84 (2.93)  82.29 (2.09)  82.86 (2.39)  
Madelon  PSO 86.67 (3.17)  86.63 (2.47)  86.16 (1.74)  
ACO  86.19 (2.28)  85.95 (1.38)  86.03 (2.18)  
ABC  87.54 (2.73)  87.18 (1.81)  86.08 (2.91)  
DE 85.14 (2.16)  85.05 (2.81)  85.92 (3.15)  
GSA  84.38 (3.19)  84.88 (1.92)  84.67 (2.72)  
FA 85.08 (2.82)  86.95 (1.19)  85.81 (2.38)  
BA 84.93 (1.84)  85.07 (2.39)  84.91 (1.96)  
COA  85.26 (2.62)  85.19 (1.83)  85.83 (2.67)  
GWO  84.27 (2.81)  85.19 (1.92)  85.37 (2.49)  
WOA  84.93 (2.37)  84.64 (2.37)  85.04 (2.38)  
SSA 85.09 (1.98)  84.94 (1.64)  84.77 (1.63)  
Isolet  PSO 85.61 (1.33)  85.37 (1.92)  85.41 (2.31)  
ACO  85.21 (1.91)  85.18 (1.82)  85.31 (2.39)  
ABC  84.32 (2.93)  84.91 (2.36)  84.51 (1.77)  
DE 83.81 (2.92)  83.04 (1.73)  83.71 (2.37)  
GSA  84.04 (1.86)  84.23 (2.28)  83.81 (1.73)  
FA 84.78 (2.33)  84.01 (1.82)  84.66 (2.53)  
BA 83.91 (1.87)  83.19 (1.69)  83.81 (1.48)  
COA  85.01 (1.82)  84.81 (2.83)  85.01 (2.91)  
GWO  84.32 (2.76)  84.48 (1.91)  84.39 (2.71)  
WOA  84.51 (1.64)  84.01 (2.19)  83.92 (3.38)  
SSA 85.19 (2.81)  85.09 (2.31)  84.93 (2.61)  
Colon  PSO 96.41 (2.81)  96.19 (2.31)  96.33 (2.39)  
ACO  96.11 (1.72)  95.72 (1.81)  96.15 (1.81 ) 
ABC  93.71 (2.82)  92.81 (3.92)  92.81 (2.62)  
DE 92.29 (2.38)  91.18 (2,73)  90.91 (1.88)  
GSA  93.72 (1.84)  92.19 (1.92)  92.01 (1.03)  
FA 90.37 (1.39)  90.09 (2.71)  91.26 (1.81)  
BA 92.28 (1.67)  91.26 (1.77)  91.25 (2.70)  
COA  96.57 (3.19)  95.88 (2.98)  96.42 (1.78)  
GWO  93.33 (2.82)  92.85 (2.71)  92.91 (3.11)