20
TABLE A.3
Extended imputation results. For each dataset, values were removed completely at random in the amounts of 5%, 10%, 25%, 50%, and 75%. The
two numbers directly below each dataset designate the number of observations and number of variables, respectively, for the listed dataset. The
average mean-squared errors (MSE) between the original and imputed values were recorded along with the standard deviations. RF-GAP
generally outperforms the other deﬁnitions. Average rankings can be found in Table 2.
Dataset Proximity 5% 10% 25% 50% 75%
Arrhythmia RF-GAP 0.637 (0.05) 0.913 (0.06) 1.463 (0.06) 2.142 (0.06) 2.783 (0.06)
452 Original 0.665 (0.05) 0.950 (0.06) 1.512 (0.06) 2.188 (0.06) 2.792 (0.05)
279 OOB 0.674 (0.05) 0.964 (0.06) 1.532 (0.06) 2.205 (0.06) 2.766 (0.05)
RFProxIH NA NA NA NA NA NA NA NA NA NA
Auto-Mpg RF-GAP 0.230 (0.05) 0.338 (0.06) 0.587 (0.06) 0.941 (0.06) 1.484 (0.20)
392 Original 0.226 (0.05) 0.334 (0.05) 0.584 (0.06) 0.938 (0.06) 1.400 (0.10)
8 OOB 0.232 (0.05) 0.342 (0.06) 0.595 (0.06) 0.955 (0.06) 1.425 (0.10)
RFProxIH NA NA NA NA NA NA NA NA NA NA
Balance Scale RF-GAP 3.240 (0.22) 4.581 (0.22) 7.288 (0.23) 10.278 (0.24) 12.553 (0.26)
645 Original 3.287 (0.22) 4.649 (0.22) 7.385 (0.23) 10.336 (0.24) 12.561 (0.27)
4 OOB 3.318 (0.22) 4.686 (0.22) 7.432 (0.23) 10.382 (0.24) 12.609 (0.27)
RFProxIH 3.305 (0.23) 4.674 (0.23) 7.414 (0.23) 10.351 (0.25) 12.571 (0.27)
Banknote RF-GAP 1.372 (0.12) 1.965 (0.12) 3.211 (0.13) 4.798 (0.12) 6.176 (0.12)
1372 Original 1.427 (0.12) 2.048 (0.12) 3.361 (0.12) 4.986 (0.11) 6.313 (0.12)
5 OOB 1.443 (0.12) 2.065 (0.12) 3.379 (0.12) 4.994 (0.12) 6.319 (0.12)
RFProxIH 1.420 (0.12) 2.042 (0.12) 3.357 (0.12) 4.985 (0.12) 6.314 (0.12)
Breast Cancer RF-GAP 2.816 (0.20) 4.027 (0.22) 6.479 (0.20) 9.362 (0.20) 11.737 (0.23)
699 Original 2.903 (0.20) 4.154 (0.23) 6.670 (0.21) 9.563 (0.22) 11.848 (0.23)
16 OOB 2.891 (0.20) 4.125 (0.23) 6.604 (0.21) 9.483 (0.21) 11.800 (0.23)
RFProxIH 2.921 (0.20) 4.183 (0.23) 6.713 (0.22) 9.601 (0.22) 11.869 (0.23)
Diabetes RF-GAP 0.710 (0.20) 0.960 (0.16) 1.591 (0.17) 2.328 (0.15) 2.932 (0.14)
678 Original 0.713 (0.19) 0.973 (0.15) 1.622 (0.17) 2.364 (0.16) 2.941 (0.14)
8 OOB 0.713 (0.19) 0.971 (0.15) 1.616 (0.17) 2.360 (0.15) 2.941 (0.14)
RFProxIH 0.715 (0.19) 0.977 (0.15) 1.628 (0.17) 2.367 (0.16) 2.942 (0.14)
E. Coli RF-GAP 0.862 (0.14) 1.235 (0.12) 1.991 (0.11) 2.873 (0.13) 3.673 (0.14)
336 Original 0.886 (0.14) 1.267 (0.12) 2.031 (0.12) 2.909 (0.14) 3.706 (0.17)
8 OOB 0.898 (0.14) 1.286 (0.12) 2.059 (0.12) 2.955 (0.14) 3.782 (0.23)
RFProxIH 0.831 (0.23) 1.156 (0.36) 1.774 (0.67) 2.170 (1.26) 2.146 (1.80)
Glass RF-GAP 0.064 (0.02) 0.093 (0.02) 0.161 (0.02) 0.251 (0.12) 0.479 (0.49)
214 Original 0.067 (0.02) 0.098 (0.02) 0.169 (0.03) 0.248 (0.03) 0.325 (0.02)
10 OOB 0.068 (0.02) 0.099 (0.02) 0.169 (0.03) 0.246 (0.03) 0.323 (0.02)
RFProxIH 0.067 (0.02) 0.099 (0.02) 0.171 (0.03) 0.250 (0.03) 0.326 (0.02)
Heart Disease RF-GAP 0.314 (0.07) 0.487 (0.11) 0.757 (0.09) 1.116 (0.08) 1.411 (0.09)
303 Original 0.317 (0.07) 0.491 (0.11) 0.764 (0.09) 1.121 (0.08) 1.405 (0.08)
13 OOB 0.316 (0.07) 0.489 (0.11) 0.761 (0.09) 1.116 (0.08) 1.399 (0.08)
RFProxIH NA NA NA NA NA NA NA NA NA NA
Hill Valley RF-GAP 1.418 (0.20) 4.093 (0.43) 9.971 (0.65) 15.307 (0.75) 19.586 (0.88)
606 Original 2.052 (0.29) 5.304 (0.39) 10.656 (0.60) 16.134 (0.76) 20.568 (0.92)
101 OOB 1.673 (0.26) 4.996 (0.42) 10.526 (0.59) 15.984 (0.75) 20.489 (0.92)
RFProxIH 2.232 (0.30) 5.512 (0.38) 10.716 (0.59) 16.161 (0.76) 20.578 (0.92)
Ionosphere RF-GAP 4.472 (0.23) 6.522 (0.23) 10.560 (0.29) 15.636 (0.34) 20.092 (0.39)
351 Original 4.782 (0.22) 6.991 (0.23) 11.291 (0.27) 16.406 (0.30) 20.501 (0.35)
34 OOB 4.745 (0.22) 6.933 (0.23) 11.184 (0.27) 16.299 (0.31) 20.446 (0.35)
RFProxIH 4.800 (0.22) 7.021 (0.23) 11.344 (0.27) 16.449 (0.30) 20.519 (0.35)
Iris RF-GAP 0.211 (0.04) 0.300 (0.04) 0.494 (0.04) 0.716 (0.04) 0.935 (0.05)
150 Original 0.219 (0.04) 0.310 (0.04) 0.509 (0.04) 0.727 (0.04) 0.934 (0.05)
4 OOB 0.217 (0.04) 0.307 (0.04) 0.503 (0.04) 0.722 (0.04) 0.937 (0.05)
RFProxIH 0.221 (0.04) 0.312 (0.05) 0.512 (0.04) 0.730 (0.04) 0.936 (0.05)
Liver RF-GAP 0.315 (0.16) 0.501 (0.23) 0.828 (0.24) 1.168 (0.23) 1.491 (0.20)
345 Original 0.322 (0.16) 0.512 (0.22) 0.847 (0.23) 1.192 (0.22) 1.503 (0.19)
7 OOB 0.321 (0.16) 0.510 (0.22) 0.844 (0.24) 1.190 (0.22) 1.503 (0.19)
RFProxIH NA NA NA NA NA NA NA NA NA NA
Lymphography RF-GAP 1.046 (0.14) 1.521 (0.13) 2.480 (0.13) 3.599 (0.12) 4.569 (0.12)
148 Original 1.065 (0.15) 1.551 (0.14) 2.529 (0.14) 3.650 (0.13) 4.568 (0.12)
18 OOB 1.065 (0.14) 1.549 (0.13) 2.524 (0.13) 3.644 (0.13) 4.568 (0.13)
RFProxIH 1.076 (0.15) 1.567 (0.14) 2.551 (0.14) 3.670 (0.13) 4.579 (0.12)
Optical Digits RF-GAP 15.774 (0.17) 22.572 (0.17) 37.003 (0.19) 55.369 (0.21) 71.456 (0.26)
3823 Original 17.222 (0.20) 24.612 (0.19) 40.138 (0.20) 58.897 (0.22) 73.616 (0.27)
64 OOB 17.199 (0.19) 24.549 (0.18) 39.904 (0.20) 58.569 (0.21) 73.442 (0.27)
RFProxIH 17.303 (0.20) 24.732 (0.19) 40.336 (0.20) 59.062 (0.22) 73.681 (0.27)
Parkinsons RF-GAP 0.400 (0.18) 0.600 (0.20) 0.968 (0.19) 1.471 (0.16) 1.841 (0.15)
197 Original 0.411 (0.18) 0.613 (0.20) 0.988 (0.18) 1.484 (0.16) 1.846 (0.15)
23 OOB 0.408 (0.18) 0.610 (0.20) 0.979 (0.19) 1.475 (0.16) 1.836 (0.15)
RFProxIH 0.412 (0.18) 0.616 (0.20) 0.994 (0.18) 1.489 (0.16) 1.851 (0.15)
Seeds RF-GAP 0.204 (0.04) 0.283 (0.04) 0.476 (0.04) 0.703 (0.04) 0.895 (0.04)
210 Original 0.223 (0.05) 0.308 (0.04) 0.506 (0.04) 0.730 (0.04) 0.911 (0.04)
7 OOB 0.218 (0.05) 0.300 (0.04) 0.494 (0.04) 0.715 (0.04) 0.897 (0.04)
RFProxIH 0.226 (0.05) 0.313 (0.04) 0.512 (0.04) 0.737 (0.04) 0.917 (0.04)
Sonar RF-GAP 3.044 (0.13) 4.551 (0.13) 7.278 (0.14) 10.879 (0.16) 13.923 (0.18)
208 Original 3.246 (0.13) 4.834 (0.14) 7.631 (0.15) 11.174 (0.16) 14.055 (0.18)
60 OOB 3.211 (0.13) 4.778 (0.13) 7.544 (0.15) 11.101 (0.16) 14.011 (0.18)
RFProxIH 3.264 (0.14) 4.864 (0.14) 7.673 (0.15) 11.200 (0.16) 14.069 (0.18)
Titanic RF-GAP 0.409 (0.22) 0.609 (0.23) 1.067 (0.26) 1.600 (0.22) 1.991 (0.16)
712 Original 0.416 (0.21) 0.621 (0.23) 1.096 (0.26) 1.639 (0.22) 2.010 (0.16)
7 OOB 0.415 (0.21) 0.620 (0.23) 1.093 (0.26) 1.637 (0.22) 2.010 (0.16)
RFProxIH NA NA NA NA NA NA NA NA NA NA
Wine RF-GAP 0.236 (0.08) 0.345 (0.07) 0.579 (0.07) 0.825 (0.07) 1.044 (0.08)
178 Original 0.236 (0.08) 0.344 (0.08) 0.577 (0.07) 0.822 (0.07) 1.038 (0.08)
13 OOB 0.240 (0.08) 0.353 (0.07) 0.585 (0.07) 0.829 (0.07) 1.043 (0.08)
RFProxIH 0.237 (0.08) 0.343 (0.08) 0.577 (0.07) 0.823 (0.07) 1.040 (0.07)