Published as a conference paper at ICLR 2022
Table 9: Mean per-game performance between 190-200M frames.
KL KL & V KL & V , L=4 KL-S L2 STACX V
Alien 45677 44880 58067 35750 50692 31809 7964
Amidar 4800 7099 7528 4974 7691 3719 1896
Assault 20334 29473 33019 21747 28301 19648 4101
Asterix 511550 439475 533385 487367 6798 245617 86053
Asteroids 145337 238320 289689 8585 220366 156096 56577
Atlantis 831920 813772 814780 806698 854441 848007 648988
Bank Heist 571 1325 0 13 1165 1329 1339
Battle Zone 73323 88407 88350 78941 50453 78359 72787
Beam Rider 37170 51649 57409 41454 67726 62892 74397
Berzerk 21146 2946 1588 2183 240 1523 1069
Bowling 46 50 42 46 50 28 52
Boxing 100 100 86 100 100 100 100
Breakout 742 832 847 774 827 717 16
Centipede 537032 542730 558849 291569 550394 478347 8895
Chopper Command 830772 934863 838090 736012 11274 846788 341350
Crazy Climber 233445 212229 265729 199150 229496 182617 126353
Defender 393457 374012 421894 364053 69193 344453 55152
Demon Attack 132508 133109 133571 132529 133469 130741 129863
Double Dunk 22 23 23 21 23 24 23
Enduro 2349 2349 2350 2360 2365 259 2187
Fishing Derby 41 63 68 41 52 62 59
Freeway 10 30 25 31 30 18 33
Frostbite 8820 3895 3995 5547 13477 2522 1669
Gopher 116010 116037 122459 92185 122790 87094 11920
Gravitar 271 709 748 259 3594 2746 944
Hero 60896 48551 52432 56044 51631 35559 20235
Ice Hockey 5 15 20 4 15 19 20
Jamesbond 22129 25951 30157 25766 18200 26123 23263
Kangaroo 12200 12557 13174 1940 13235 3182 8722
Krull 10750 9768 10510 11156 10502 10480 8899
Kung Fu Master 51038 58732 54354 54559 63632 67823 54584
Montezuma Revenge 0 0 0 0 0 0 0
Ms Pacman 25926 22876 28279 26267 27564 12647 2759
Name This Game 31203 31863 36838 30912 32344 24616 12583
Phoenix 529404 542998 658082 407520 440821 370270 247854
Pitfall 0 -1 0 0 0 0 0
Pong 21 21 21 21 21 21 21
Private Eye 165 144 98 130 67 100 68
Qbert 87214 37135 72320 30047 75197 27264 3901
Riverraid 129515 132751 32300 91267 177127 47671 26418
Road Runner 240377 61710 521596 17002 424588 62191 34773
Robotank 64 66 71 65 64 61 65
Seaquest 684870 2189 82925 616738 1477 1744 3653
Skiing -10023 -8988 -9797 -8988 -9893 -10504 -13312
Solaris 2120 2182 2188 1858 2194 2326 2202
Space Invaders 35762 54046 40790 11314 49333 34875 15424
Star Gunner 588377 663477 790833 587411 39510 298448 43561
Surround 9 9 10 9 9 3 9
Tennis 23 24 23 21 24 19 24
Time Pilot 94746 60918 68626 95854 93466 49932 40127
Tutankham 282 268 291 280 288 101 205
Up N Down 342121 303741 381780 109392 202715 315588 17252
Venture 0 0 0 0 0 0 0
Video Pinball 230252 479861 399094 505212 485852 441220 77100
Wizard Of Wor 21597 45731 49806 22936 10817 47854 24250
Yars Revenge 77001 286734 408061 32031 398656 113651 77169
Zaxxon 44280 49448 59011 36261 49734 56952 35494
37