Machine Learning (2019) 108:971–992 989
Table 5 Mean (m.) and standard deviation (SD) of AUC for the classiﬁcation problems. Also shown for the boosting algorithms is the mean over all replications o f the optimal
number of components ( T⋆). Results are averaged over 100 independent replications for simulated examples and over 20 independent permutations of the sample for real-life
data sets
GB AGB Lasso RF
ν 1e-05 0.001 0.01 0.1 0.5 1e-05 0.001 0.01 0.1 0.5
Model 4 (u) m. 0.590 0.885 0.971 0.976 0.977 0.869 0.977 0.975 0.964 0.862 0.515 0.891
SD 0.037 0.021 0.008 0.007 0.007 0.023 0.007 0.007 0.010 0.040 0.018 0.021
T⋆9900 10,000 9998 2 619 452 2 500 1404 421 97 22
Model 5 (u) m. 0.772 0.935 0.936 0.936 0.934 0.933 0.937 0.936 0.935 0.922 0.940 0.922
SD 0.059 0.013 0.012 0.012 0.013 0.013 0.013 0.012 0.012 0.015 0.011 0.016
T⋆10,000 10,000 2 465 240 41 2500 387 121 34 12
Model 4 (c) m. 0.621 0.927 0.978 0.981 0.981 0.916 0.981 0.981 0.972 0.898 0.516 0.945
SD 0.043 0.014 0.006 0.005 0.005 0.016 0.005 0.005 0.008 0.030 0.019 0.012
T⋆10,000 10,000 9996 1781 319 2500 1 156 358 88 23
Model 5 (c) m. 0.753 0.960 0.962 0.963 0.961 0.957 0.962 0.962 0.960 0.947 0.960 0.955
SD 0.059 0.009 0.008 0.008 0.008 0.009 0.008 0.008 0.008 0.011 0.007 0.011
T⋆10,000 10,000 3694 354 65 2500 493 151 40 14
Adult m. 0.758 0.905 0.915 0.920 0.920 0.902 0.918 0.917 0.913 0.901 0.902 0.858
SD 0.005 0.004 0.004 0.004 0.003 0.004 0.004 0.004 0.003 0.004 0.004 0.008
T⋆10,000 10,000 9966 6714 1635 2500 1853 610 143 24
Advert m. 0.815 0.962 0.974 0.973 0.973 0.956 0.973 0.975 0.971 0.950 0.973 0.983
SD 0.059 0.014 0.011 0.012 0.013 0.015 0.014 0.011 0.015 0.022 0.008 0.008
T⋆10,000 9999 4716 471 87 2500 568 181 50 18
Spam m. 0.854 0.975 0.980 0.980 0.979 0.973 0.978 0.978 0.977 0.966 0.970 0.979
SD 0.028 0.003 0.003 0.003 0.003 0.004 0.003 0.003 0.003 0.005 0.004 0.003
T⋆10,000 10,000 3880 426 84 2 500 479 150 40 16
For each data set, the two best performances are in bold
123