988 Machine Learning (2019) 108:971–992
Table 4 Mean (m.) and standard deviation (SD) of the misclassiﬁcation test errors for the classiﬁcation problems. Also shown for the boosting algorithms is t he mean over all
replications of the optimal number of components ( T⋆). Results are averaged over 100 independent replications for simulated examples and over 20 independent permutations
of the sample for real-life data sets
GB AGB Lasso RF
ν 1e-05 0.001 0.01 0.1 0.5 1e-05 0.001 0.01 0.1 0.5
Model 4 (u) m. 0.416 0.229 0.098 0.086 0.085 0.248 0.085 0.088 0.108 0.217 0.419 0.206
SD 0.020 0.023 0.018 0.015 0.016 0.023 0.016 0.016 0.017 0.036 0.021 0.025
T⋆9900 10,000 9998 2619 452 2500 1404 421 97 22
Model 5 (u) m. 0.353 0.144 0.141 0.141 0.142 0.145 0.142 0.141 0.144 0.155 0.138 0.151
SD 0.024 0.016 0.017 0.016 0.018 0.017 0.018 0.017 0.016 0.021 0.018 0.019
T⋆10,000 10,000 2465 240 41 2500 387 121 34 12
Model 4 (c) m. 0.451 0.171 0.086 0.081 0.079 0.185 0.080 0.081 0.095 0.183 0.453 0.134
SD 0.027 0.020 0.015 0.014 0.014 0.022 0.014 0.015 0.015 0.03 0.025 0.018
T⋆10,000 10,000 9996 1781 319 2500 1156 358 88 23
Model 5 (c) m. 0.423 0.119 0.114 0.114 0.115 0.123 0.114 0.116 0.118 0.132 0.118 0.116
SD 0.037 0.016 0.015 0.016 0.016 0.018 0.016 0.016 0.016 0.020 0.016 0.018
T⋆10,000 10,000 3694 354 65 2500 493 151 40 14
Adult m. 0.249 0.150 0.141 0.138 0.138 0.151 0.140 0.140 0.143 0.152 0.155 0.186
SD 0.004 0.004 0.004 0.004 0.004 0.004 0.005 0.005 0.004 0.004 0.004 0.005
T⋆10,000 10,000 9966 6714 1635 2500 1853 610 143 24
Advert m. 0.165 0.062 0.043 0.043 0.043 0.063 0.043 0.043 0.044 0.054 0.032 0 .031
SD 0.014 0.009 0.012 0.013 0.012 0.008 0.013 0.013 0.011 0.011 0.007 0.009
T⋆10,000 9999 4716 471 87 2500 568 181 50 18
Spam m. 0.396 0.071 0.061 0.061 0.065 0.077 0.064 0.065 0.068 0.086 0.095 0.057
SD 0.013 0.009 0.008 0.007 0.007 0.009 0.009 0.007 0.007 0.011 0.072 0.007
T⋆10,000 10,000 3880 426 84 2500 479 150 40 16
For each data set, the two best performances are in bold
123