Machine Learning (2019) 108:971–992 987Table 3 continued
GB AGB Lasso RF
ν 1e-05 0.001 0.01 0.1 0.5 1e −05 0.001 0.01 0.1 0.5
Crimes m. 0.049 0.019 0.019 0.019 0.021 0.021 0.021 0.021 0.021 0.024 0.019 0 .019
SD 0.004 0.001 0.001 0.002 0.002 0.002 0.001 0.001 0.002 0.002 0.001 0.001
T⋆10,000 9960 2172 214 86 2240 296 91 26 16
Wine m. 0.632 0.417 0.412 0.412 0.419 0.421 0.421 0.421 0.424 0.459 0.426 0.365
SD 0.044 0.032 0.032 0.032 0.032 0.034 0.033 0.032 0.032 0.034 0.001 0.001
T⋆10,000 9999 3727 366 79 2433 393 154 36 11
For each data set, the two best performances are in bold
123