986 Machine Learning (2019) 108:971–992Table 3 Mean (m.) and standard deviation (SD) of the mean squared test error for the regression problems. Also shown for the boosting algorithms is the mean ove r all replications
of the optimal number of components ( T⋆). Results are averaged over 100 independent replications for simulated examples and over 20 independent permutations of the sample
for real-life data sets
GB AGB Lasso RF
ν 1e-05 0.001 0.01 0.1 0.5 1e −05 0.001 0.01 0.1 0.5
Model 1 (u) m. 1.011 0.923 0.926 0.927 0.930 0.924 0.927 0.926 0.929 0.920 1.021 0.922
SD 0.082 0.075 0.076 0.076 0.079 0.076 0.077 0.074 0.074 0.081 0.084 0.078
T⋆10,000 7924 981 99 11 2178 247 73 18 7
Model 2 (u) m. 1.883 0.642 0.621 0.621 0.650 0.632 0.621 0.621 0.638 0.794 0.677 0.756
SD 0.202 0.073 0.075 0.074 0.079 0.069 0.072 0.072 0.073 0.090 0.077 0.086
T⋆10,000 9 989 2 206 214 26 2488 288 91 26 14
Model 3 (u) m. 2.983 0.318 0.037 0.040 0.119 0.308 0.080 0.078 0.125 0.337 0.948 0.587
SD 0.221 0.039 0.007 0.008 0.015 0.042 0.019 0.017 0.020 0.060 0.067 0.068
T⋆10,000 10,000 7936 956 97 2500 627 187 49 29
Model 1 (c) m. 8.316 4.483 4.047 4.051 4.220 4.529 4.141 4.133 4.252 5.354 8.549 4.163
SD 1.143 0.668 0.557 0.559 0.573 0.669 0.564 0.566 0.575 0.694 1.154 0.623
T⋆10,000 10,000 3 413 330 47 2500 387 120 32 12
Model 2 (c) m. 6.558 2.424 1.936 1.938 2.093 2.442 2.083 2.057 2.145 2.777 4.988 2.082
SD 1.958 1.120 1.093 1.095 1.118 1.117 1.087 1.087 1.062 1.103 1.580 0.824
T⋆9900 10,000 4632 458 70 2 499 411 132 35 16
Model 3 (c) m. 37.034 6.323 4.454 4.480 5.879 6.382 5.274 5.163 5.781 8.187 23.898 6.198
SD 8.617 3.883 3.703 3.708 3.948 3.936 3.824 3.761 3.827 4.020 5.746 3.421
T⋆10,000 10,000 4296 415 54 2 491 361 113 31 23
123