Phone Model SoC 1c-f, 1q, 1q, 1f, 1f, 2c-f, 2q, 2q, 2f, 2f, 3c-f, 3q, 3q, 3f, 3f, 4c-f, 5q, 5q, 5f, 5f, 6q, 6q, 6f, 6f, 7c-q, 7c-f, 8c-fq, 9f-p, 10f, 10f32, 11-m, AI-Score
ms ms error ms error ms ms error ms error ms ms error ms error ms ms error ms error ms error ms error ms ms ms ms ms ms px
Huawei Mate 30 Pro 5G HiSilicon Kirin 990 38 6.5 7.7 6 7.78 538 20 5.36 18 5.59 961 37 13.9 37 7.33 86 38 4.36 36 3.23 39 3.82 42 3.06 717 1627 1196 234 19 218 2000 76206
Honor 9X Pro HiSilicon Kirin 810 38 25 6.99 10 6.84 966 98 5.36 34 5.59 1162 160 13.9 83 7.33 165 116 4.36 72 3.23 171 3.82 122 3.06 1246 2770 1570 418 42 340 1600 34495
Huawei Nova 5 HiSilicon Kirin 810 39 25 6.99 10 6.84 923 98 5.36 34 5.59 1163 160 13.9 82 7.33 226 115 4.36 72 3.23 170 3.82 122 3.06 1278 2818 1586 423 42 339 1600 34432
Asus ROG Phone II Snapdragon 855 Plus 42 4.9 11.65 16 7.34 354 16 31.88 57 26.43 393 40 16.66 142 21.66 82 24 10.02 66 39.65 45 5.34 183 4.11 585 1583 1215 142 67 115 1000 32727
Asus Zenfone 6 Snapdragon 855 64 8.3 11.44 25 6.88 414 18 31.59 70 23.65 379 47 14.62 169 12.87 88 30 5.8 87 37.92 48 3.61 210 3.07 653 1673 1361 214 83 135 1000 27410
Samsung Galaxy Note10 Snapdragon 855 50 8.2 11.65 25 7.34 402 19 31.87 70 26.43 443 45 16.66 164 21.66 87 29 10.02 84 39.65 47 5.34 215 4.11 587 1636 1332 165 88 133 1000 27151
Oppo Reno Z MediaTek Helio P90 71 4 6.77 8.3 6.72 774 23 5.33 101 4.87 962 38 6 263 5.91 169 22 3.78 75 4.31 147 3.45 309 3.06 1321 3489 2080 2187 66 1236 1000 26738
Sony Xperia 1 Snapdragon 855 90 9.3 11.44 24 6.88 428 20 31.57 74 23.65 407 46 14.62 177 12.87 87 29 5.8 86 37.92 48 3.61 212 3.07 594 1669 1374 182 88 143 1000 26672
LG G8S ThinQ Snapdragon 855 91 8.7 11.44 24 6.88 445 19 31.57 73 23.65 441 45 14.62 175 12.87 88 28 5.8 86 37.92 47 3.61 211 3.07 671 1789 1488 221 86 143 1000 26493
Xiaomi Mi 9T Pro Snapdragon 855 85 7.5 11.65 21 7.34 474 18 31.8 68 26.43 438 44 16.66 165 21.66 87 28 10.02 83 39.65 47 5.34 208 4.11 583 1618 1399 272 89 158 1000 26257
Oppo Reno 10x zoom Snapdragon 855 88 9 11.44 23 6.88 563 19 31.61 70 23.65 576 44 14.62 166 12.87 99 29 5.8 83 37.92 48 3.61 232 3.07 691 1717 1550 189 81 146 1000 26144
Xiaomi Redmi K20 Pro Snapdragon 855 94 7.5 11.65 22 7.34 526 18 31.84 67 26.43 487 44 16.66 164 21.66 98 28 10.02 82 39.65 47 5.34 204 4.11 759 1681 1713 187 87 138 1000 25867
OnePlus 7 Snapdragon 855 91 8.4 11.65 22 7.34 429 18 31.86 70 26.43 443 44 16.66 166 21.66 87 29 10.02 84 39.65 47 5.34 210 4.11 920 1920 1362 215 84 138 1000 25804
OnePlus 7 Pro Snapdragon 855 91 8.8 11.65 23 7.34 426 19 31.88 72 26.43 415 44 16.66 172 21.66 88 28 10.02 85 39.65 47 5.34 212 4.11 771 1889 1374 202 85 145 1000 25720
Samsung Galaxy Note10 Exynos 9825 Octa 32 19 6.99 17 7.02 458 63 11.11 65 27.14 784 128 9.42 151 15.9 278 75 7.97 124 9.79 199 5.47 158 4.1 820 1775 1240 203 67 200 2000 25470
Lenovo Z6 Pro Snapdragon 855 94 9.4 11.44 25 6.88 451 19 31.46 73 23.65 447 45 14.62 182 12.87 87 30 5.8 88 37.92 47 3.61 214 3.07 878 1887 1384 243 89 175 1000 25268
Samsung Galaxy S10+ Snapdragon 855 51 8.5 11.44 25 6.88 450 19 31.62 69 23.65 445 44 14.62 164 12.87 87 33 5.8 84 37.92 451 3.58 213 3.07 618 1652 1392 171 84 134 1000 25087
Samsung Galaxy S10 Snapdragon 855 52 8.9 11.44 26 6.88 458 20 31.61 69 23.65 446 45 14.62 167 12.87 87 33 5.8 85 37.92 452 3.58 216 3.07 641 1687 1396 177 88 134 1000 24646
Samsung Galaxy S10e Snapdragon 855 51 8.8 11.44 27 6.88 451 20 31.47 70 23.65 446 45 14.62 166 12.87 87 33 5.8 84 37.92 451 3.58 214 3.07 647 1685 1396 199 87 135 1000 24518
Xiaomi Mi 9 Explorer Snapdragon 855 80 8.1 11.65 21 7.34 473 19 31.89 60 26.43 513 45 16.66 156 21.66 99 32 10.02 75 39.65 450 5.33 187 4.11 781 1967 1673 208 79 138 1000 24241
Huawei P30 Pro HiSilicon Kirin 980 51 79 6.73 26 6.61 523 297 5.19 59 6.24 494 707 628 118 17.52 82 395 3.57 102 3.14 1114 3.45 164 2.97 814 1771 1330 2430 77 1109 2000 23874
LG G8 ThinQ Snapdragon 855 96 9.5 11.44 24 6.88 414 19 31.5 73 23.65 384 47 14.62 186 12.87 89 33 5.8 87 37.92 454 3.58 215 3.07 591 1642 1389 210 89 156 1000 23499
Xiaomi Mi 9 Snapdragon 855 92 8.8 11.65 23 7.34 439 19 31.85 70 26.43 431 45 16.66 166 21.66 90 34 10.02 86 39.65 453 5.33 211 4.11 587 1643 1402 231 89 142 1000 23199
Huawei Mate 20 Pro HiSilicon Kirin 980 52 90 6.73 21 6.6 553 299 5.19 55 8.77 519 743 628 114 29.45 85 380 3.57 83 3.14 1084 3.45 12 484 802 1795 1327 2380 56 1150 2000 21125
Huawei Mate 20 HiSilicon Kirin 980 52 88 6.73 21 6.6 540 307 5.19 53 8.77 491 744 628 114 29.45 86 378 3.57 90 3.14 1085 3.45 12 484 800 1798 1331 2311 58 1178 2000 20973
Huawei Mate 20 X HiSilicon Kirin 980 52 90 6.73 21 6.6 554 295 5.19 53 8.77 505 734 628 114 29.45 83 381 3.57 88 3.14 1086 3.45 13 484 798 1799 1330 1999 56 1173 2000 20959
Honor View 20 HiSilicon Kirin 980 52 85 6.73 22 6.6 518 308 5.19 53 8.77 505 720 628 113 29.45 90 397 3.57 86 3.14 1102 3.45 14 484 800 1798 1343 2297 57 1177 2000 20674
Samsung Galaxy S9+ Snapdragon 845 108 11 11.44 25 6.8 524 44 19.37 81 24.95 452 91 14.62 202 12.07 165 70 5.8 98 37.92 610 3.58 262 3.07 918 2495 1759 213 93 169 1000 18885
vivo NEX Dual Display Snapdragon 845 122 11 11.44 28 6.8 534 45 19.37 80 24.95 453 92 14.62 203 12.07 161 70 5.8 96 37.92 621 3.58 261 3.07 772 2297 1751 232 93 167 1000 18710
Samsung Galaxy S9 Snapdragon 845 101 11 11.44 24 6.8 573 46 19.37 80 24.95 535 92 14.62 207 12.07 165 71 5.8 100 37.92 611 3.58 264 3.07 927 2452 1782 217 95 169 1000 18591
Samsung Galaxy Note9 Snapdragon 845 109 11 11.44 27 6.8 538 45 19.37 81 24.95 493 91 14.62 204 12.07 165 71 5.8 100 37.92 610 3.58 265 3.07 973 2566 1759 209 93 168 1000 18509
LG G7 ThinQ Snapdragon 845 124 11 11.44 28 6.8 533 44 19.37 81 24.95 474 90 14.62 203 12.07 168 70 5.8 96 37.92 609 3.58 262 3.07 988 2812 1865 232 94 168 1000 18306
Asus Zenfone 5z Snapdragon 845 65 8.5 11.65 16 6.62 523 45 17.97 147 11.13 465 88 16.66 330 15.32 159 77 10.02 236 9.76 742 5.33 657 4.16 822 2393 1715 208 186 186 1000 16450
OnePlus 6 Snapdragon 845 118 11 11.65 28 6.62 537 70 17.85 159 11.13 457 90 16.66 348 15.32 166 96 10.02 312 9.76 692 5.33 692 4.16 819 2341 1735 252 220 213 1000 14113
OnePlus 6T Snapdragon 845 119 12 11.65 28 6.62 538 71 17.85 160 11.13 457 90 16.66 348 15.32 167 97 10.02 314 9.76 693 5.33 693 4.16 817 2322 1717 258 220 214 1000 14054
Xiaomi Mi 9T Snapdragon 730 81 11 11.44 29 6.88 814 44 19.37 160 23.65 1069 89 14.62 428 12.87 123 66 5.8 198 37.92 110 3.61 619 3.07 1396 3074 1658 445 187 378 1000 13977
Xiaomi Redmi K20 Snapdragon 730 74 11 11.44 28 6.88 876 44 19.37 160 23.65 1099 88 14.62 424 12.87 127 66 5.8 195 37.92 110 3.61 618 3.07 1439 3188 1722 435 184 391 1000 13947
Samsung Galaxy A80 Snapdragon 730 90 13 11.44 31 6.88 846 47 19.37 150 23.65 1108 90 14.62 391 12.87 126 69 5.8 185 37.92 111 3.61 553 3.07 1453 3093 1645 406 175 347 1000 13940
Lenovo Z6 Snapdragon 730 90 11 11.44 29 6.88 808 45 19.37 163 23.65 1057 91 14.62 426 12.87 127 66 5.8 199 37.92 111 3.61 617 3.07 1809 3651 1643 427 181 378 1000 13571
Xiaomi Red. Note 8 Pro MediaTek G90T 41 15 6.77 37 6.92 607 64 5.31 223 20.13 947 139 5.91 584 10.55 92 107 3.78 459 4.35 308 3.45 977 3.08 1276 2796 1672 482 665 1057 1400 12574
Meizu 16Xs Snapdragon 675 83 11 11.44 40 6.88 852 34 31.54 314 25.83 1130 74 14.62 898 12.87 125 54 5.8 526 38.02 102 3.61 1253 3.07 1514 3219 1788 844 351 729 1000 11394
Samsung Galaxy S10+ Exynos 9820 Octa 36 28 6.73 41 6.6 490 96 5.19 186 5.31 501 197 6.4 431 6.27 284 410 3.57 897 3.22 445 3.45 831 3.11 799 1856 1283 1063 838 841 500 10315
Samsung Galaxy S10e Exynos 9820 Octa 35 26 6.73 38 6.6 486 97 5.19 185 5.31 479 211 6.4 471 6.27 288 403 3.57 876 3.22 446 3.45 861 3.11 818 1891 1305 1059 831 834 500 10296
Samsung Galaxy A70 Snapdragon 675 88 13 11.44 43 6.88 836 41 31.52 342 25.83 1137 90 14.62 967 12.87 130 67 5.8 649 38.02 134 3.61 1368 3.07 1506 3180 1783 878 376 779 1000 10246
Samsung Galaxy S10 Exynos 9820 Octa 35 27 6.73 38 6.6 484 96 5.19 187 5.31 494 209 6.4 462 6.27 294 401 3.57 875 3.22 447 3.45 849 3.11 822 1902 1387 1081 833 843 500 10221
Huawei Mate 10 Pro HiSilicon Kirin 970 93 157 6.73 43 172 732 371 5.19 69 58.21 587 762 628 1457 6.27 174 506 3.57 138 3.2 1509 3.45 231 2.98 992 3037 2494 2766 79 1181 600 9064
Huawei P20 Pro HiSilicon Kirin 970 93 133 6.73 44 172 730 382 5.19 69 58.21 585 757 628 1403 6.27 174 512 3.57 147 3.2 1505 3.45 238 2.98 965 2987 2496 3069 83 1130 600 9005
Honor Play HiSilicon Kirin 970 93 148 6.73 43 172 731 383 5.19 68 58.21 595 802 628 1636 6.27 175 536 3.57 138 3.2 1534 3.45 230 2.98 1068 3128 2495 3083 78 1239 600 8919
Huawei Honor 10 HiSilicon Kirin 970 94 142 6.73 43 172 736 417 5.19 67 58.21 601 775 628 1603 6.27 175 536 3.57 130 3.2 1529 3.45 227 2.98 1120 3218 2494 2904 80 1258 600 8906
Huawei P20 HiSilicon Kirin 970 94 135 6.73 43 172 728 360 5.19 68 58.21 593 779 628 1409 6.27 173 550 3.57 151 3.2 1523 3.45 246 2.98 983 2978 2496 3276 92 1160 600 8892
Huawei Honor View 10 HiSilicon Kirin 970 94 127 6.73 43 172 730 402 5.19 72 58.21 587 825 628 1799 6.27 175 499 3.57 132 3.2 1498 3.45 224 2.98 1081 3186 2493 2362 93 1246 600 8732
Xiaomi Mi A3 Snapdragon 665 138 13 11.44 50 6.88 894 52 31.53 483 25.83 708 118 14.62 1292 12.87 212 94 5.8 678 38.02 192 3.61 2174 3.07 1165 3630 3095 1292 553 1149 1000 8187
Google Pixel 3 XL Snapdragon 845 84 10 11.44 159 6.6 542 70 19.37 731 5.31 422 92 14.62 1384 6.27 185 94 5.8 1514 3.22 692 3.58 3479 3.11 828 2897 2084 3173 1223 1203 400 7999
Google Pixel 3 Snapdragon 845 87 11 11.44 139 6.6 535 69 19.37 695 5.31 421 93 14.62 1373 6.27 186 94 5.8 1541 3.22 692 3.58 3524 3.11 793 2753 2180 3322 1246 1220 400 7977
Samsung Galaxy Note9 Exynos 9810 Octa 99 45 6.73 72 6.6 604 166 5.19 209 5.31 688 360 6.4 488 6.27 220 539 3.57 1574 3.22 852 3.45 843 3.11 1083 1753 1476 1490 787 779 500 7937
Xiaomi Mi CC9e Snapdragon 665 137 14 11.65 49 7.34 902 53 31.81 482 27.45 709 119 16.66 1272 21.66 213 94 10.02 674 39.74 192 5.34 2169 4.11 1183 3643 3101 1289 550 1135 1000 7935
Xiaomi Mi 8 Snapdragon 845 113 11 11.65 125 6.62 566 68 17.85 725 11.13 493 90 16.66 1428 15.32 172 94 10.02 1532 9.76 690 5.33 3269 4.16 976 2814 2024 2944 1323 1220 500 7695
Xiaomi Pocophone F1 Snapdragon 845 122 11 11.65 119 6.62 566 67 17.85 727 11.13 502 90 16.66 1416 15.32 175 92 10.02 1523 9.76 687 5.33 3220 4.16 1077 2934 2021 3037 1282 1216 500 7557
vivo V15 MediaTek Helio P70 106 26 6.77 66 6.99 805 89 5.31 374 19.98 667 181 5.91 932 9.81 191 163 3.78 1096 4.42 474 3.45 865 3.09 1158 3547 2782 759 764 1202 500 7512
Xiaomi Mi Mix 3 Snapdragon 845 113 12 11.65 118 6.62 577 72 17.85 685 11.13 526 90 16.66 1354 15.32 185 96 10.02 1613 9.76 691 5.33 3190 4.16 982 2865 2326 3104 1346 1174 500 7402
Xiaomi Mi Mix 2S Snapdragon 845 118 11 11.65 137 6.62 590 67 17.85 810 11.13 515 89 16.66 1587 15.32 181 92 10.02 1570 9.76 686 5.33 3335 4.16 1060 2913 2238 2964 1399 1319 500 7365
Lenovo Z6 Youth Snapdragon 710 132 11 11.44 155 6.6 1083 48 19.37 924 5.31 1300 89 14.62 1849 6.27 218 66 5.8 1994 3.22 110 3.61 4632 3.11 1895 4666 2638 3499 1696 1604 500 7331
Meizu Note 9 Snapdragon 675 93 11 6.87 134 6.6 857 62 5.42 769 5.31 1123 147 7.09 1741 6.27 133 90 4.92 1834 3.22 830 3.58 4742 3.11 1521 3248 1798 3449 1486 1441 500 7075
Samsung Galaxy S9+ Exynos 9810 Octa 119 46 6.73 75 6.6 1080 198 5.19 241 5.31 722 395 6.4 531 6.27 253 593 3.57 1636 3.22 885 3.45 871 3.11 1138 2233 1860 1515 792 791 500 6914
Samsung Galaxy S9 Exynos 9810 Octa 121 47 6.73 74 6.6 926 179 5.19 217 5.31 741 376 6.4 504 6.27 262 600 3.57 1646 3.22 898 3.45 885 3.11 1160 2202 1871 1530 794 802 400 6825
Xiaomi Red. Note 7 Pro Snapdragon 675 79 11 7.12 405 6.62 893 62 9.75 908 11.13 1167 146 9.66 1693 15.32 130 89 7.97 1871 9.76 833 5.34 4731 4.16 1588 3448 1858 3159 1487 1450 500 6702
vivo V15 Pro Snapdragon 675 72 12 6.87 151 6.6 934 62 5.42 1239 5.31 1644 154 7.09 2928 6.27 128 89 4.92 2227 3.22 834 3.58 6485 3.11 1613 3599 1762 3107 1925 1904 500 6687
vivo S1 MediaTek Helio P65 79 43 6.77 54 6.92 934 254 6.2 347 20.13 1169 529 5.91 921 10.55 190 654 3.78 748 4.35 1167 3.45 1672 3.08 1466 3969 2309 960 954 1439 1000 6643
Xiaomi Mi 9 SE Snapdragon 712 132 12 11.44 193 6.6 990 47 19.37 838 5.31 1266 95 14.62 1604 6.27 205 69 5.8 1838 3.22 608 3.58 3922 3.11 1609 3905 2298 3383 1446 1451 500 6556
vivo X27 Snapdragon 710 131 12 11.44 154 6.6 1011 46 19.37 838 5.31 1269 97 14.62 1828 6.27 205 68 5.8 2018 3.22 607 3.58 4416 3.11 1633 4011 2344 3247 1594 1412 500 6505
vivo X27 Pro Snapdragon 710 133 12 11.44 143 6.6 1010 47 19.37 876 5.31 1289 96 14.62 1880 6.27 205 71 5.8 1960 3.22 607 3.58 4471 3.11 1701 4021 2354 3869 1503 1491 500 6474
Google Pixel 3a XL Snapdragon 670 87 13 11.44 31 6.88 854 47 19.37 149 23.65 1105 92 14.62 390 12.87 126 69 5.8 184 37.92 111 3.61 554 3.07 1475 4125 1665 407 173 341 400 6444
Xiaomi Mi 8 SE Snapdragon 710 132 12 11.44 179 6.6 1037 46 19.37 866 5.31 1283 96 14.62 2088 6.27 210 70 5.8 1914 3.22 608 3.58 4180 3.11 1706 4120 2504 4481 1683 1590 500 6355
Oppo Reno Snapdragon 710 133 12 11.44 211 6.6 1103 48 19.37 838 5.31 1302 95 14.62 1598 6.27 239 70 5.8 1844 3.22 603 3.58 3812 3.11 1589 4052 2926 3486 1493 1380 500 6354
Realme 3 MediaTek Helio P70 111 28 6.77 69 6.99 864 92 5.31 504 19.98 731 185 5.91 1172 9.81 211 165 3.78 1466 4.42 484 3.45 1249 3.09 1246 3649 2809 1261 1405 1832 400 6330
Oppo F11 Pro MediaTek Helio P70 109 32 6.77 66 6.99 840 143 5.31 479 19.98 715 320 5.91 966 9.81 191 314 3.78 1778 4.31 778 3.45 1080 3.09 1118 3368 2791 1945 1303 1257 500 6301
Realme 3 Pro Snapdragon 710 134 12 11.44 215 6.6 1099 47 19.37 897 5.31 1294 94 14.62 1706 6.27 242 68 5.8 1926 3.22 608 3.58 4015 3.11 1660 4036 2908 3567 1623 1401 500 6269
Oppo K3 Snapdragon 710 131 13 11.44 215 6.6 1099 47 19.37 891 5.31 1300 94 14.62 1649 6.27 244 69 5.8 1971 3.22 602 3.58 3966 3.11 1642 4044 2920 3392 1567 1405 500 6241
Nokia X7 Snapdragon 710 132 11 11.65 148 6.62 1020 49 17.97 904 11.13 1233 95 16.66 1914 15.32 205 80 10.02 2030 9.76 737 5.33 4679 4.16 1484 3942 2358 3135 1644 1570 500 6119
Lenovo Z5s Snapdragon 710 132 10 11.44 143 6.6 1006 47 19.33 1005 5.31 1351 95 14.62 1943 6.27 211 80 5.8 2148 3.22 737 3.58 5570 3.11 2225 4680 2314 3422 2127 1749 500 6060
Oppo F7 Youth MediaTek Helio P60 113 31 6.77 66 6.99 855 143 5.31 461 19.98 738 319 5.91 1036 9.81 201 314 3.78 1806 4.31 785 3.45 2927 3.1 1153 3543 2957 2472 1290 1322 500 5921
Oppo F11 MediaTek Helio P70 108 32 6.77 69 6.99 836 144 5.31 489 19.98 728 321 5.91 1051 9.81 190 309 3.78 1784 4.31 786 3.45 1172 3.09 1101 3372 2812 7102 1293 1340 300 5763
Motorola One Action Exynos 9609 131 49 6.73 64 6.6 862 388 5.19 445 5.31 674 942 6.4 1233 6.27 197 1024 3.57 1660 3.22 2330 3.45 1490 3.11 1136 3930 2841 1738 732 762 500 5730
Motorola One Vision Exynos 9609 129 50 6.73 61 6.6 870 383 5.19 444 5.31 672 937 6.4 1230 6.27 201 1027 3.57 1661 3.22 2325 3.45 1448 3.11 1136 4269 2912 1828 731 735 400 5669
Sony Xperia XZ3 Snapdragon 845 121 94 6.99 159 6.62 538 398 10.57 712 11.13 474 920 629 1462 15.32 167 416 7.97 1557 9.76 1605 5.47 3736 4.16 1339 3097 1850 3493 1274 1095 400 5503
Samsung Galaxy A50 Exynos 9610 157 53 6.73 78 6.6 1116 382 5.19 460 5.31 665 931 6.4 1238 6.27 187 1023 3.57 1661 3.22 2323 3.45 1456 3.11 1216 4091 2837 1869 769 713 500 5399
Nokia 9 PureView Snapdragon 845 123 381 6.99 452 6.62 543 1233 10.57 5987 11.13 501 2125 629 7087 15.32 166 538 7.97 1888 9.76 1771 5.47 4975 4.16 891 2462 1839 4838 1735 1703 500 5223
Samsung Galaxy Note8 Snapdragon 835 136 101 6.73 154 6.6 804 378 5.19 792 5.31 636 770 628 1534 6.27 187 515 3.57 1665 3.22 1363 3.45 3732 3.11 1037 3409 2922 2851 1387 1377 500 5059
HTC U11 Snapdragon 835 138 102 6.73 154 6.6 767 373 5.19 768 5.31 628 790 628 1500 6.27 186 583 3.57 1673 3.22 1656 3.45 3968 3.11 1130 3479 2904 3194 1329 1289 500 5039
Essential Phone Snapdragon 835 140 102 6.73 149 6.6 820 358 5.19 749 5.31 638 738 628 1495 6.27 184 551 3.57 1782 3.22 1413 3.45 3727 3.11 1032 3326 2827 2871 1362 1295 500 5009
Google Pixel 2 Snapdragon 835 130 193 6.73 204 6.6 746 467 5.19 891 5.31 651 835 628 1473 6.27 215 632 3.57 1700 3.22 1659 3.45 3665 3.11 1117 3470 2570 3157 1290 1156 400 4859
Google Pixel 2 XL Snapdragon 835 130 202 6.73 208 6.6 742 426 5.19 875 5.31 653 848 628 1499 6.27 216 639 3.57 1704 3.22 1696 3.45 3743 3.11 1194 3585 2567 3147 1289 1173 500 4851
Google Pixel XL Snapdragon 821 109 105 6.73 125 6.6 761 506 5.19 956 5.31 981 1042 628 1656 6.27 157 793 3.57 1925 3.22 2135 3.45 4279 3.11 1427 3294 2215 3401 2539 3915 400 4627
Xiaomi Mi 6 Snapdragon 835 133 95 6.99 148 6.62 825 351 10.57 767 11.12 680 793 629 1485 15.32 205 523 7.97 1746 9.76 1506 5.47 4456 4.16 1074 3661 3106 3114 1683 1936 500 4621
Samsung Galaxy Note8 Exynos 8895 Octa 148 84 6.73 173 6.6 727 467 5.19 1056 5.31 655 1028 628 1952 6.27 714 489 3.57 1839 3.22 1386 3.45 4575 3.11 992 2557 2129 2996 1572 1522 500 4555
Samsung Galaxy S8+ Exynos 8895 Octa 168 69 6.73 156 6.6 719 408 5.19 866 5.31 666 1055 628 1873 6.27 705 470 3.57 1781 3.22 1378 3.45 4457 3.11 973 2497 2025 3020 1477 1432 400 4539
Google Pixel Snapdragon 821 110 120 6.73 163 6.6 790 552 5.19 912 5.31 1228 1259 628 2181 6.27 166 874 3.57 2213 3.22 2417 3.45 4663 3.11 1663 3865 2146 2148 1593 1464 500 4538
Samsung Galaxy S8 Exynos 8895 Octa 153 74 6.73 165 6.6 704 433 5.19 970 5.31 649 1084 628 2078 6.27 703 477 3.57 1897 3.22 1394 3.45 4827 3.11 987 2560 2108 3275 1628 1617 500 4480
OnePlus 5T Snapdragon 835 134 421 6.73 434 6.6 974 1280 5.19 3108 5.31 611 2458 628 5814 6.27 183 655 3.57 2017 3.22 1722 3.45 6028 3.11 1020 3338 2647 5251 2182 1825 500 4280
OnePlus 3T Snapdragon 821 117 76 6.99 97 6.62 902 509 10.57 922 11.13 1188 1285 629 2139 15.32 187 1092 7.97 2177 9.76 2731 5.47 5336 4.16 1887 4157 2785 2706 1820 1755 500 4122
Sony Xperia XZ1 Snapdragon 835 137 397 6.99 621 6.62 772 1338 10.57 7138 11.13 649 2610 629 8164 15.32 190 683 7.97 2002 9.76 1763 5.47 5862 4.16 1067 3490 2810 4476 2203 1845 400 4020
Sony Xperia XZ Premium Snapdragon 835 127 480 6.99 892 6.62 793 1475 10.57 7865 11.13 663 2458 629 9751 15.32 189 717 7.97 1969 9.76 1750 5.47 5818 4.16 1355 3742 2786 3836 1644 1555 500 4013
Motorola One Power Snapdragon 636 190 100 6.73 176 6.6 983 411 5.19 941 5.31 798 893 628 1910 6.27 231 721 3.57 2134 3.22 2088 3.45 4798 3.11 1266 4030 3394 3140 1599 1614 400 3962
Motorola G7 Plus Snapdragon 636 190 110 6.73 183 6.6 977 423 5.19 943 5.31 827 920 628 1949 6.27 232 723 3.57 2064 3.22 2152 3.45 5208 3.11 1314 4141 3465 3359 1670 1616 400 3942
Huawei Honor 8X Hisilicon Kirin 710 163 128 6.73 202 6.6 1711 475 5.19 962 5.31 766 1008 628 1998 6.27 224 690 3.57 2008 3.22 2148 3.45 4730 3.11 1358 4338 3136 3422 1615 1417 400 3858
Huawei P smart Hisilicon Kirin 710 164 119 6.73 185 6.6 1735 467 5.19 946 5.31 775 1016 628 2163 6.27 226 713 3.57 2137 3.22 2094 3.45 4646 3.11 1305 4267 3190 3157 1615 1367 400 3813
Honor 10 Lite Hisilicon Kirin 710 164 126 6.73 190 6.6 1701 456 5.19 946 5.31 771 1020 628 1970 6.27 229 673 3.57 1980 3.22 2097 3.45 4682 3.11 1310 4269 3239 3189 1631 1527 400 3811
Xiaomi Redmi Note 7 Snapdragon 660 190 252 6.99 393 6.62 904 770 10.57 2481 11.13 822 1485 629 4084 15.32 213 658 7.97 2038 9.76 1794 5.47 5170 4.16 1715 3700 3116 4795 1980 1783 400 3769
Xiaomi Mi 8 Lite Snapdragon 660 187 445 6.99 884 6.62 863 1291 10.57 6247 11.13 700 2324 629 8084 15.32 207 722 7.97 2208 9.76 1981 5.47 6074 4.16 1052 3377 3088 4898 2135 2059 500 3767
Nokia 7 plus Snapdragon 660 188 338 6.99 635 6.62 865 1339 10.57 5035 11.13 731 2478 629 6891 15.32 208 765 7.97 2328 9.76 2227 5.47 6119 4.16 1075 3411 3187 5481 1982 2072 500 3746
Samsung Galaxy A9 Snapdragon 660 170 466 6.73 699 6.6 891 1326 5.19 6055 5.31 790 2516 628 8895 6.27 244 880 3.57 2465 3.22 2251 3.45 6017 3.11 1052 3354 3108 5539 2121 2000 500 3695
Asus Zenfone 5 Snapdragon 636 133 417 6.99 802 6.62 860 1514 10.57 6953 11.13 720 2376 629 8755 15.32 199 801 7.97 2214 9.76 2207 5.47 6087 4.16 1350 4239 2836 5374 2254 2133 500 3686
Nokia X71 Snapdragon 660 188 474 6.99 773 6.62 939 1308 10.57 6643 11.13 779 2407 629 9100 15.32 220 843 7.97 2298 9.76 2351 5.47 6254 4.16 1180 3732 3340 5894 2196 1998 500 3537
Xiaomi Mi A2 Snapdragon 660 187 326 6.99 440 6.62 1214 1065 10.57 1068 11.13 1217 1933 629 2359 15.32 208 749 7.97 2187 9.76 2136 5.47 6248 4.16 2107 4076 3061 3919 1838 1882 500 3399
Asus Zen. Max Pro M2 Snapdragon 660 188 494 6.73 794 6.6 960 1381 5.19 5218 5.31 820 2364 628 8245 6.27 227 905 3.57 2574 3.22 2217 3.45 6892 3.11 1351 4349 3544 5582 2440 2181 500 3377
Samsung Galaxy A7 Exynos 7885 Octa 168 123 6.73 231 6.6 1702 535 5.19 1253 5.31 1494 1176 628 2407 6.27 227 788 3.57 2000 3.22 1966 3.45 5332 3.11 1919 4938 3470 4150 1803 1740 500 3282
Sony Xperia 10 Plus Snapdragon 636 187 447 6.99 805 6.62 984 1439 10.57 6274 11.13 821 2496 629 8640 15.32 234 944 7.97 2630 9.76 2447 5.47 7305 4.16 1251 3977 3593 5864 2721 2624 400 3189
Samsung Galaxy A8 Exynos 7885 Octa 167 117 6.73 214 6.6 1716 519 5.19 1288 5.31 1455 1218 628 3637 6.27 227 715 3.57 2294 3.22 2031 3.45 5920 3.11 1916 5073 3439 3395 1752 1763 400 3178
Samsung Galaxy A40 Exynos 7904 167 106 6.73 183 6.6 1727 559 5.19 1152 5.31 1480 1206 628 2867 6.27 247 800 3.57 2112 3.22 2077 3.45 5636 3.11 2187 5756 3969 4022 2127 1943 500 3127
Samsung Galaxy A30 Exynos 7904 171 122 6.73 219 6.6 1771 497 5.19 1175 5.31 1494 1158 628 2637 6.27 258 837 3.57 2269 3.22 2071 3.45 5544 3.11 2219 5113 4161 4078 1925 1847 500 3043
Samsung Galaxy M20 Exynos 7904 170 97 6.99 190 6.62 1685 474 10.57 1165 11.13 1475 1077 629 2150 15.32 249 836 7.97 2164 9.76 2056 5.47 5497 4.16 2238 5917 4302 4334 1836 1874 400 2957
Samsung Galaxy A20 Exynos 7884 161 110 6.73 199 6.6 1787 514 5.19 1203 5.31 1665 1174 628 2335 6.27 267 842 3.57 2225 3.22 2244 3.45 5688 3.11 2372 6194 4396 4059 2040 2199 400 2892
Huawei P20 lite HiSilicon Kirin 659 209 90 6.73 163 6.6 1706 575 5.19 1138 5.31 1045 1073 628 2150 6.27 497 709 3.57 2645 3.22 1875 3.45 5110 3.11 1564 5705 5374 4237 2583 2688 400 2871
Xiaomi Mi A1 Snapdragon 625 230 84 6.99 168 6.62 1696 345 10.57 918 11.13 1225 807 629 1837 15.32 594 709 7.97 2588 9.76 1648 5.47 4828 4.16 1863 6160 5993 2763 1851 1808 500 2827
Xiaomi Mi A2 Lite Snapdragon 625 231 74 6.99 140 6.62 1700 346 10.57 936 11.13 1204 809 629 1883 15.32 606 761 7.97 2613 9.76 1723 5.47 5047 4.16 1842 6164 6026 2813 1878 1941 500 2795
Motorola Moto G6 Plus Snapdragon 630 234 152 6.73 237 6.6 1776 446 5.19 1052 5.31 1146 926 628 2098 6.27 701 828 3.57 2309 3.22 2205 3.45 5374 3.11 1752 5871 5553 3732 1722 1875 500 2790
Motorola P30 Play Snapdragon 625 232 98 6.73 189 6.6 1690 513 5.19 1197 5.31 1240 828 628 1915 6.27 600 724 3.57 2541 3.22 1785 3.45 4662 3.11 1871 6243 6019 2791 1690 1803 400 2774
Xiaomi Redmi Note 4 Snapdragon 625 222 73 6.73 146 6.6 1647 357 5.19 1209 5.31 1245 881 628 2044 6.27 592 795 3.57 2846 3.22 1806 3.45 5228 3.11 1873 6303 6033 3106 2501 2454 400 2755
Motorola Moto X4 Snapdragon 630 234 157 6.73 230 6.6 1799 437 5.19 1038 5.31 1138 951 628 2119 6.27 706 788 3.57 2299 3.22 2208 3.45 5193 3.11 1714 5836 5547 3330 1889 1834 400 2737
Sony Xperia XA2 Snapdragon 630 236 185 6.99 246 6.62 1846 506 10.57 1186 11.13 1242 1038 629 2079 15.32 715 924 7.97 2152 9.76 2154 5.47 5667 4.16 1888 6153 5605 4181 1961 1894 400 2519
HTC Desire 19+ MediaTek Helio P35 450 161 6.77 248 6.6 2049 566 5.31 1146 5.2 1295 1026 628 2399 5.56 828 1052 3.78 2947 4.31 2152 3.45 6344 3.11 1662 5840 6254 3387 2244 2081 500 2437
Nokia 5 Snapdragon 430 326 626 6.73 846 6.6 2753 1933 5.19 3469 5.31 1695 3660 628 5626 6.27 759 1690 3.57 4447 3.22 4136 3.45 10112 3.11 2568 8519 9214 7110 3703 3549 400 1611
Table 4: Benchmark results for several Android devices, a full list is available at: http://ai-benchmark.com/ranking
14